   0.600000E+17   0.185445E+42
   0.545455E+17   0.390911E+42
   0.500000E+17   0.714829E+42
   0.461538E+17   0.121010E+43
   0.428571E+17   0.193346E+43
   0.400000E+17   0.292541E+43
   0.375000E+17   0.432730E+43
   0.352941E+17   0.620323E+43
   0.333333E+17   0.848488E+43
   0.315789E+17   0.116518E+44
   0.300000E+17   0.153270E+44
   0.285714E+17   0.200397E+44
   0.272727E+17   0.258941E+44
   0.260870E+17   0.324391E+44
   0.250000E+17   0.401691E+44
   0.240000E+17   0.495204E+44
   0.230769E+17   0.605459E+44
   0.222222E+17   0.737649E+44
   0.214286E+17   0.889042E+44
   0.206897E+17   0.106052E+45
   0.200000E+17   0.126483E+45
   0.193548E+17   0.148697E+45
   0.187500E+17   0.175326E+45
   0.181818E+17   0.203999E+45
   0.176471E+17   0.237723E+45
   0.171429E+17   0.274479E+45
   0.166667E+17   0.315587E+45
   0.162162E+17   0.362204E+45
   0.157895E+17   0.411885E+45
   0.153846E+17   0.467909E+45
   0.150000E+17   0.530549E+45
   0.146341E+17   0.596458E+45
   0.142857E+17   0.667404E+45
   0.139535E+17   0.748462E+45
   0.136364E+17   0.833172E+45
   0.133333E+17   0.920939E+45
   0.130435E+17   0.129238E+46
   0.127660E+17   0.157068E+46
   0.125000E+17   0.173850E+46
   0.122449E+17   0.182188E+46
   0.120000E+17   0.192825E+46
   0.117647E+17   0.195833E+46
   0.115385E+17   0.208432E+46
   0.113208E+17   0.217565E+46
   0.111111E+17   0.225670E+46
   0.109091E+17   0.233736E+46
   0.107143E+17   0.241736E+46
   0.105263E+17   0.249687E+46
   0.103448E+17   0.257580E+46
   0.101695E+17   0.265409E+46
   0.100000E+17   0.271843E+46
   0.983607E+16   0.271967E+46
   0.967742E+16   0.288423E+46
   0.952381E+16   0.296011E+46
   0.937500E+16   0.303448E+46
   0.923077E+16   0.310806E+46
   0.909091E+16   0.318068E+46
   0.895522E+16   0.325257E+46
   0.882353E+16   0.332339E+46
   0.869565E+16   0.339337E+46
   0.857143E+16   0.346239E+46
   0.845070E+16   0.353047E+46
   0.833333E+16   0.359761E+46
   0.821918E+16   0.366390E+46
   0.810811E+16   0.372912E+46
   0.800000E+16   0.379354E+46
   0.789474E+16   0.385692E+46
   0.779221E+16   0.391944E+46
   0.769231E+16   0.398103E+46
   0.759494E+16   0.404172E+46
   0.750000E+16   0.410158E+46
   0.740741E+16   0.416047E+46
   0.731707E+16   0.421859E+46
   0.722892E+16   0.427591E+46
   0.714286E+16   0.433238E+46
   0.705882E+16   0.438807E+46
   0.697674E+16   0.444295E+46
   0.689655E+16   0.449705E+46
   0.681818E+16   0.455059E+46
   0.674157E+16   0.460352E+46
   0.666667E+16   0.465579E+46
   0.659341E+16   0.470721E+46
   0.652174E+16   0.475814E+46
   0.645161E+16   0.480832E+46
   0.638298E+16   0.485801E+46
   0.631579E+16   0.490703E+46
   0.625000E+16   0.495538E+46
   0.618557E+16   0.500337E+46
   0.612245E+16   0.505079E+46
   0.606061E+16   0.509804E+46
   0.600000E+16   0.514467E+46
   0.594059E+16   0.523568E+46
   0.588235E+16   0.519439E+46
   0.582524E+16   0.531791E+46
   0.576923E+16   0.535801E+46
   0.571429E+16   0.539746E+46
   0.566038E+16   0.543615E+46
   0.560748E+16   0.547440E+46
   0.555556E+16   0.551189E+46
   0.550459E+16   0.554885E+46
   0.545455E+16   0.558532E+46
   0.540541E+16   0.562103E+46
   0.535714E+16   0.565631E+46
   0.530973E+16   0.569095E+46
   0.526316E+16   0.572505E+46
   0.521739E+16   0.575871E+46
   0.517241E+16   0.579214E+46
   0.512821E+16   0.582553E+46
   0.508475E+16   0.585741E+46
   0.504202E+16   0.588951E+46
   0.500000E+16   0.592094E+46
   0.495868E+16   0.595205E+46
   0.491803E+16   0.598271E+46
   0.487805E+16   0.601300E+46
   0.483871E+16   0.604286E+46
   0.480000E+16   0.607242E+46
   0.476190E+16   0.610130E+46
   0.472441E+16   0.613010E+46
   0.468750E+16   0.615844E+46
   0.465116E+16   0.618629E+46
   0.461538E+16   0.621390E+46
   0.458015E+16   0.624116E+46
   0.454545E+16   0.626815E+46
   0.451128E+16   0.629462E+46
   0.447761E+16   0.632091E+46
   0.444444E+16   0.634687E+46
   0.441176E+16   0.637244E+46
   0.437956E+16   0.639784E+46
   0.434783E+16   0.642288E+46
   0.431655E+16   0.644770E+46
   0.428571E+16   0.647202E+46
   0.425532E+16   0.649617E+46
   0.422535E+16   0.652019E+46
   0.419580E+16   0.654380E+46
   0.416667E+16   0.656721E+46
   0.413793E+16   0.659033E+46
   0.410959E+16   0.661319E+46
   0.408163E+16   0.663586E+46
   0.405405E+16   0.665823E+46
   0.402685E+16   0.668042E+46
   0.400000E+16   0.670230E+46
   0.397351E+16   0.672398E+46
   0.394737E+16   0.674546E+46
   0.392157E+16   0.676671E+46
   0.389610E+16   0.678769E+46
   0.387097E+16   0.680853E+46
   0.384615E+16   0.682911E+46
   0.382166E+16   0.684951E+46
   0.379747E+16   0.686968E+46
   0.377358E+16   0.688967E+46
   0.375000E+16   0.690940E+46
   0.372671E+16   0.692898E+46
   0.370370E+16   0.694834E+46
   0.368098E+16   0.696752E+46
   0.365854E+16   0.698655E+46
   0.363636E+16   0.700531E+46
   0.361446E+16   0.702399E+46
   0.359281E+16   0.704237E+46
   0.357143E+16   0.706063E+46
   0.355030E+16   0.707878E+46
   0.352941E+16   0.709665E+46
   0.350877E+16   0.711439E+46
   0.348837E+16   0.713195E+46
   0.346821E+16   0.714928E+46
   0.344828E+16   0.716651E+46
   0.342857E+16   0.718356E+46
   0.340909E+16   0.720041E+46
   0.338983E+16   0.721709E+46
   0.337079E+16   0.723362E+46
   0.335196E+16   0.724998E+46
   0.333333E+16   0.726620E+46
   0.331492E+16   0.728224E+46
   0.329670E+16   0.729799E+46
