  0.300000E+02  0.100000E-07  0.100000E-31  0.100000E-31  0.100000E-31  0.259349E+02  0.259349E+02  0.100000E-31  0.100000E-31  0.100000E-31  0.100000E-31  0.100000E-31  0.536133E-01  0.759805E+00 -0.320000E+02  0.259349E+02
  0.298000E+02  0.994636E-08  0.155670E-31  0.100000E-31  0.100000E-31  0.256133E+02  0.256133E+02  0.999999E+00  0.100000E-31  0.100000E-31  0.309510E+05  0.290431E-04  0.536124E-01  0.759806E+00  0.343880E+02  0.256133E+02
  0.296000E+02  0.986277E-08  0.191159E-31  0.100000E-31  0.100000E-31  0.252934E+02  0.252936E+02  0.999996E+00  0.100000E-31  0.100000E-31  0.314079E+05  0.290905E-04  0.536115E-01  0.759808E+00  0.346100E+02  0.252936E+02
  0.294000E+02  0.978037E-08  0.248692E-31  0.100000E-31  0.100000E-31  0.249754E+02  0.249757E+02  0.999992E+00  0.100000E-31  0.100000E-31  0.319048E+05  0.291107E-04  0.536106E-01  0.759809E+00  0.348307E+02  0.249757E+02
  0.292000E+02  0.969914E-08  0.341831E-31  0.100000E-31  0.100000E-31  0.246591E+02  0.246596E+02  0.999987E+00  0.100000E-31  0.100000E-31  0.324119E+05  0.291320E-04  0.536097E-01  0.759811E+00  0.350502E+02  0.246596E+02
  0.290000E+02  0.961906E-08  0.492164E-31  0.100000E-31  0.100000E-31  0.243446E+02  0.243454E+02  0.999980E+00  0.100000E-31  0.100000E-31  0.329295E+05  0.291544E-04  0.536088E-01  0.759812E+00  0.352685E+02  0.243454E+02
  0.288000E+02  0.954010E-08  0.734092E-31  0.100000E-31  0.100000E-31  0.240320E+02  0.240331E+02  0.999973E+00  0.100000E-31  0.100000E-31  0.334577E+05  0.291779E-04  0.536079E-01  0.759813E+00  0.354855E+02  0.240331E+02
  0.286000E+02  0.946224E-08  0.112226E-30  0.100000E-31  0.100000E-31  0.237211E+02  0.237226E+02  0.999963E+00  0.100000E-31  0.100000E-31  0.339970E+05  0.292026E-04  0.536070E-01  0.759815E+00  0.357014E+02  0.237226E+02
  0.284000E+02  0.938545E-08  0.174322E-30  0.100000E-31  0.100000E-31  0.234121E+02  0.234140E+02  0.999953E+00  0.100000E-31  0.100000E-31  0.345476E+05  0.292284E-04  0.536061E-01  0.759816E+00  0.359159E+02  0.234140E+02
  0.282000E+02  0.930973E-08  0.273361E-30  0.100000E-31  0.100000E-31  0.231049E+02  0.231072E+02  0.999942E+00  0.100000E-31  0.100000E-31  0.351098E+05  0.292553E-04  0.536052E-01  0.759817E+00  0.361293E+02  0.231072E+02
  0.280000E+02  0.877053E-04  0.430849E-30  0.100000E-31  0.176566E-17  0.425997E+06  0.109270E+03  0.150207E+01  0.100000E-31  0.100000E-31  0.356840E+05  0.292833E-04  0.536040E-01  0.352503E-02  0.363414E+02  0.228023E+02
  0.278000E+02  0.155299E-03  0.135237E-26  0.100000E-31  0.349172E-14  0.265799E+06  0.115656E+03  0.151457E+01  0.100000E-31  0.100000E-31  0.179820E+02  0.591247E-01  0.536024E-01  0.125378E-04  0.365522E+02  0.224992E+02
  0.276000E+02  0.206975E-03  0.208036E-26  0.100000E-31  0.331496E-14  0.166899E+06  0.967863E+02  0.147956E+01  0.100000E-31  0.100000E-31  0.188749E+02  0.573177E-01  0.536007E-01  0.304090E-04  0.367618E+02  0.221981E+02
  0.274000E+02  0.232132E-03  0.291537E-26  0.100000E-31  0.287476E-14  0.105353E+06  0.715464E+02  0.141312E+01  0.100000E-31  0.100000E-31  0.216889E+02  0.507638E-01  0.535989E-01  0.723487E-04  0.369703E+02  0.218988E+02
  0.272000E+02  0.228558E-03  0.387923E-26  0.100000E-31  0.237399E-14  0.671450E+05  0.502443E+02  0.132379E+01  0.100000E-31  0.100000E-31  0.261713E+02  0.428192E-01  0.535971E-01  0.148447E-03  0.371774E+02  0.216014E+02
  0.270000E+02  0.202942E-03  0.501015E-26  0.100000E-31  0.190845E-14  0.437294E+05  0.361127E+02  0.122451E+01  0.100000E-31  0.100000E-31  0.324397E+02  0.351653E-01  0.535954E-01  0.267458E-03  0.373833E+02  0.213058E+02
  0.268000E+02  0.168843E-03  0.642346E-26  0.100000E-31  0.152736E-14  0.298681E+05  0.283373E+02  0.113638E+01  0.100000E-31  0.100000E-31  0.403888E+02  0.287550E-01  0.535939E-01  0.421639E-03  0.375880E+02  0.210122E+02
  0.266000E+02  0.139485E-03  0.840833E-26  0.100000E-31  0.125161E-14  0.222574E+05  0.246360E+02  0.107772E+01  0.100000E-31  0.100000E-31  0.491091E+02  0.240796E-01  0.535925E-01  0.576957E-03  0.377914E+02  0.207204E+02
  0.264000E+02  0.121157E-03  0.115210E-25  0.100000E-31  0.107668E-14  0.186057E+05  0.230035E+02  0.104895E+01  0.100000E-31  0.100000E-31  0.568807E+02  0.211711E-01  0.535912E-01  0.689356E-03  0.379936E+02  0.204306E+02
  0.262000E+02  0.112728E-03  0.166535E-25  0.100000E-31  0.979914E-15  0.171503E+05  0.222584E+02  0.103857E+01  0.100000E-31  0.100000E-31  0.622690E+02  0.196965E-01  0.535899E-01  0.743116E-03  0.381945E+02  0.201426E+02
  0.260000E+02  0.110176E-03  0.251050E-25  0.100000E-31  0.932787E-15  0.166729E+05  0.218479E+02  0.103620E+01  0.100000E-31  0.100000E-31  0.651741E+02  0.191690E-01  0.535887E-01  0.757991E-03  0.383942E+02  0.198565E+02
  0.258000E+02  0.110409E-03  0.387313E-25  0.100000E-31  0.911334E-15  0.165527E+05  0.215538E+02  0.103640E+01  0.100000E-31  0.100000E-31  0.664606E+02  0.191505E-01  0.535874E-01  0.758376E-03  0.385926E+02  0.195724E+02
  0.256000E+02  0.111883E-03  0.603044E-25  0.100000E-31  0.901185E-15  0.165507E+05  0.213012E+02  0.103736E+01  0.100000E-31  0.100000E-31  0.669577E+02  0.193676E-01  0.535862E-01  0.755845E-03  0.387897E+02  0.192901E+02
  0.254000E+02  0.113956E-03  0.940991E-25  0.100000E-31  0.895691E-15  0.165868E+05  0.210657E+02  0.103860E+01  0.100000E-31  0.100000E-31  0.671145E+02  0.196904E-01  0.535849E-01  0.753539E-03  0.389856E+02  0.190098E+02
  0.252000E+02  0.116371E-03  0.146724E-24  0.100000E-31  0.892159E-15  0.166356E+05  0.208393E+02  0.103997E+01  0.100000E-31  0.100000E-31  0.671244E+02  0.200653E-01  0.535837E-01  0.751948E-03  0.391802E+02  0.187313E+02
  0.250000E+02  0.119022E-03  0.228343E-24  0.100000E-31  0.889528E-15  0.166887E+05  0.206192E+02  0.104144E+01  0.100000E-31  0.100000E-31  0.670653E+02  0.204714E-01  0.535824E-01  0.750995E-03  0.393736E+02  0.184548E+02
  0.248000E+02  0.121860E-03  0.354512E-24  0.100000E-31  0.887363E-15  0.167436E+05  0.204043E+02  0.104300E+01  0.100000E-31  0.100000E-31  0.669698E+02  0.209002E-01  0.535812E-01  0.750538E-03  0.395657E+02  0.181802E+02
  0.246000E+02  0.124859E-03  0.548952E-24  0.100000E-31  0.885462E-15  0.167995E+05  0.201944E+02  0.104464E+01  0.100000E-31  0.100000E-31  0.668527E+02  0.213480E-01  0.535799E-01  0.750448E-03  0.397565E+02  0.179076E+02
  0.244000E+02  0.128007E-03  0.847702E-24  0.100000E-31  0.883724E-15  0.168559E+05  0.199893E+02  0.104635E+01  0.100000E-31  0.100000E-31  0.667219E+02  0.218134E-01  0.535786E-01  0.750629E-03  0.399461E+02  0.176368E+02
  0.242000E+02  0.131296E-03  0.130535E-23  0.100000E-31  0.882089E-15  0.169128E+05  0.197889E+02  0.104815E+01  0.100000E-31  0.100000E-31  0.665817E+02  0.222956E-01  0.535773E-01  0.751009E-03  0.401344E+02  0.173680E+02
  0.240000E+02  0.134721E-03  0.200430E-23  0.100000E-31  0.880517E-15  0.169702E+05  0.195933E+02  0.105002E+01  0.100000E-31  0.100000E-31  0.664352E+02  0.227943E-01  0.535760E-01  0.751536E-03  0.403214E+02  0.171011E+02
  0.238000E+02  0.138281E-03  0.306856E-23  0.100000E-31  0.878984E-15  0.170281E+05  0.194024E+02  0.105198E+01  0.100000E-31  0.100000E-31  0.662842E+02  0.233095E-01  0.535748E-01  0.752171E-03  0.405071E+02  0.168362E+02
  0.236000E+02  0.141978E-03  0.468415E-23  0.100000E-31  0.877472E-15  0.170865E+05  0.192164E+02  0.105402E+01  0.100000E-31  0.100000E-31  0.661300E+02  0.238416E-01  0.535735E-01  0.752888E-03  0.406916E+02  0.165732E+02
  0.234000E+02  0.145813E-03  0.712923E-23  0.100000E-31  0.875967E-15  0.171453E+05  0.190354E+02  0.105615E+01  0.100000E-31  0.100000E-31  0.659736E+02  0.243908E-01  0.535722E-01  0.753667E-03  0.408747E+02  0.163121E+02
  0.232000E+02  0.149789E-03  0.108184E-22  0.100000E-31  0.874461E-15  0.172046E+05  0.188594E+02  0.105837E+01  0.100000E-31  0.100000E-31  0.658156E+02  0.249576E-01  0.535708E-01  0.754495E-03  0.410566E+02  0.160530E+02
  0.230000E+02  0.153912E-03  0.163674E-22  0.100000E-31  0.872948E-15  0.172643E+05  0.186886E+02  0.106068E+01  0.100000E-31  0.100000E-31  0.656565E+02  0.255424E-01  0.535695E-01  0.755362E-03  0.412372E+02  0.157959E+02
  0.228000E+02  0.158185E-03  0.246883E-22  0.100000E-31  0.871422E-15  0.173246E+05  0.185232E+02  0.106308E+01  0.100000E-31  0.100000E-31  0.654967E+02  0.261460E-01  0.535682E-01  0.756262E-03  0.414164E+02  0.155407E+02
  0.226000E+02  0.162614E-03  0.371269E-22  0.100000E-31  0.869879E-15  0.173853E+05  0.183632E+02  0.106559E+01  0.100000E-31  0.100000E-31  0.653363E+02  0.267689E-01  0.535669E-01  0.757189E-03  0.415944E+02  0.152874E+02
  0.224000E+02  0.167205E-03  0.556633E-22  0.100000E-31  0.868318E-15  0.174465E+05  0.182089E+02  0.106820E+01  0.100000E-31  0.100000E-31  0.651757E+02  0.274119E-01  0.535655E-01  0.758140E-03  0.417711E+02  0.150361E+02
  0.222000E+02  0.171966E-03  0.832004E-22  0.100000E-31  0.866735E-15  0.175082E+05  0.180603E+02  0.107091E+01  0.100000E-31  0.100000E-31  0.650148E+02  0.280757E-01  0.535641E-01  0.759114E-03  0.419464E+02  0.147868E+02
  0.220000E+02  0.176902E-03  0.123981E-21  0.100000E-31  0.865130E-15  0.175704E+05  0.179177E+02  0.107373E+01  0.100000E-31  0.100000E-31  0.648539E+02  0.287611E-01  0.535628E-01  0.760109E-03  0.421204E+02  0.145395E+02
  0.218000E+02  0.182022E-03  0.184183E-21  0.100000E-31  0.863500E-15  0.176331E+05  0.177813E+02  0.107666E+01  0.100000E-31  0.100000E-31  0.646930E+02  0.294690E-01  0.535614E-01  0.761124E-03  0.422932E+02  0.142941E+02
  0.216000E+02  0.187333E-03  0.272777E-21  0.100000E-31  0.861844E-15  0.176963E+05  0.176513E+02  0.107971E+01  0.100000E-31  0.100000E-31  0.645321E+02  0.302003E-01  0.535600E-01  0.762158E-03  0.424646E+02  0.140507E+02
  0.214000E+02  0.192845E-03  0.402740E-21  0.100000E-31  0.860161E-15  0.177600E+05  0.175278E+02  0.108288E+01  0.100000E-31  0.100000E-31  0.643714E+02  0.309559E-01  0.535586E-01  0.763211E-03  0.426346E+02  0.138093E+02
  0.212000E+02  0.198566E-03  0.592783E-21  0.100000E-31  0.858450E-15  0.178242E+05  0.174112E+02  0.108617E+01  0.100000E-31  0.100000E-31  0.642109E+02  0.317369E-01  0.535572E-01  0.764284E-03  0.428034E+02  0.135698E+02
  0.210000E+02  0.204506E-03  0.869794E-21  0.100000E-31  0.856711E-15  0.178888E+05  0.173016E+02  0.108959E+01  0.100000E-31  0.100000E-31  0.640505E+02  0.325442E-01  0.535558E-01  0.765377E-03  0.429708E+02  0.133324E+02
  0.208000E+02  0.210676E-03  0.127228E-20  0.100000E-31  0.854941E-15  0.179540E+05  0.171993E+02  0.109313E+01  0.100000E-31  0.100000E-31  0.638904E+02  0.333791E-01  0.535543E-01  0.766490E-03  0.431368E+02  0.130969E+02
  0.206000E+02  0.217085E-03  0.185520E-20  0.100000E-31  0.853140E-15  0.180197E+05  0.171045E+02  0.109681E+01  0.100000E-31  0.100000E-31  0.637306E+02  0.342426E-01  0.535529E-01  0.767622E-03  0.433015E+02  0.128634E+02
  0.204000E+02  0.223746E-03  0.269673E-20  0.100000E-31  0.851308E-15  0.180858E+05  0.170176E+02  0.110062E+01  0.100000E-31  0.100000E-31  0.635712E+02  0.351361E-01  0.535514E-01  0.768776E-03  0.434649E+02  0.126319E+02
  0.202000E+02  0.230670E-03  0.390764E-20  0.100000E-31  0.849443E-15  0.181525E+05  0.169389E+02  0.110457E+01  0.100000E-31  0.100000E-31  0.634120E+02  0.360607E-01  0.535499E-01  0.769951E-03  0.436270E+02  0.124024E+02
  0.200000E+02  0.237871E-03  0.564443E-20  0.100000E-31  0.847544E-15  0.182197E+05  0.168686E+02  0.110867E+01  0.100001E-31  0.100000E-31  0.632533E+02  0.370179E-01  0.535484E-01  0.771148E-03  0.437876E+02  0.121749E+02
  0.198000E+02  0.245361E-03  0.812734E-20  0.100000E-31  0.845610E-15  0.182874E+05  0.168071E+02  0.111290E+01  0.100007E-31  0.100000E-31  0.630950E+02  0.380091E-01  0.535469E-01  0.772367E-03  0.439470E+02  0.119494E+02
  0.196000E+02  0.253155E-03  0.116653E-19  0.100000E-31  0.843641E-15  0.183555E+05  0.167547E+02  0.111728E+01  0.100055E-31  0.100000E-31  0.629372E+02  0.390359E-01  0.535454E-01  0.773610E-03  0.441049E+02  0.117260E+02
  0.194000E+02  0.261269E-03  0.166901E-19  0.100000E-31  0.841636E-15  0.184242E+05  0.167119E+02  0.112181E+01  0.100409E-31  0.100000E-31  0.627798E+02  0.400997E-01  0.535438E-01  0.774876E-03  0.442615E+02  0.115045E+02
  0.192000E+02  0.269718E-03  0.238030E-19  0.100000E-31  0.839593E-15  0.184933E+05  0.166790E+02  0.112649E+01  0.102711E-31  0.100000E-31  0.626230E+02  0.412024E-01  0.535423E-01  0.776166E-03  0.444167E+02  0.112850E+02
  0.190000E+02  0.278519E-03  0.338385E-19  0.100000E-31  0.837511E-15  0.185630E+05  0.166564E+02  0.113132E+01  0.116108E-31  0.100000E-31  0.624667E+02  0.423456E-01  0.535407E-01  0.777482E-03  0.445706E+02  0.110676E+02
  0.188000E+02  0.287692E-03  0.481681E-19  0.100000E-31  0.835390E-15  0.186331E+05  0.166447E+02  0.113630E+01  0.186429E-31  0.100000E-31  0.623110E+02  0.435313E-01  0.535391E-01  0.778821E-03  0.447250E+02  0.108522E+02
  0.186000E+02  0.297256E-03  0.677291E-19  0.100000E-31  0.833229E-15  0.187037E+05  0.166442E+02  0.114144E+01  0.521491E-31  0.100000E-31  0.621559E+02  0.447614E-01  0.535374E-01  0.780187E-03  0.448742E+02  0.106388E+02
  0.184000E+02  0.307232E-03  0.953566E-19  0.100000E-31  0.831027E-15  0.187748E+05  0.166556E+02  0.114673E+01  0.198024E-30  0.100000E-31  0.620014E+02  0.460381E-01  0.535358E-01  0.781577E-03  0.450239E+02  0.104274E+02
  0.182000E+02  0.317642E-03  0.133819E-18  0.100000E-31  0.828783E-15  0.188463E+05  0.166792E+02  0.115218E+01  0.782023E-30  0.100000E-31  0.618475E+02  0.473637E-01  0.535341E-01  0.782992E-03  0.451723E+02  0.102181E+02
  0.180000E+02  0.328512E-03  0.187184E-18  0.100000E-31  0.826498E-15  0.189183E+05  0.167159E+02  0.115778E+01  0.294538E-29  0.100000E-31  0.616943E+02  0.487404E-01  0.535324E-01  0.784431E-03  0.453192E+02  0.100108E+02
  0.178000E+02  0.339868E-03  0.260976E-18  0.100000E-31  0.824170E-15  0.189907E+05  0.167661E+02  0.116354E+01  0.104058E-28  0.100000E-31  0.615416E+02  0.501708E-01  0.535307E-01  0.785893E-03  0.454648E+02  0.980553E+01
  0.176000E+02  0.351741E-03  0.362667E-18  0.100000E-31  0.821800E-15  0.190636E+05  0.168306E+02  0.116945E+01  0.344991E-28  0.100000E-31  0.613894E+02  0.516577E-01  0.535289E-01  0.787374E-03  0.456089E+02  0.960231E+01
  0.174000E+02  0.364163E-03  0.502327E-18  0.100000E-31  0.819389E-15  0.191368E+05  0.169101E+02  0.117551E+01  0.107790E-27  0.100000E-31  0.612376E+02  0.532040E-01  0.535271E-01  0.788872E-03  0.457517E+02  0.940112E+01
  0.172000E+02  0.377171E-03  0.693478E-18  0.100000E-31  0.816938E-15  0.192105E+05  0.170055E+02  0.118172E+01  0.318979E-27  0.100000E-31  0.610861E+02  0.548129E-01  0.535253E-01  0.790381E-03  0.458930E+02  0.920199E+01
  0.170000E+02  0.390807E-03  0.954203E-18  0.100000E-31  0.814451E-15  0.192844E+05  0.171178E+02  0.118808E+01  0.898590E-27  0.100000E-31  0.609346E+02  0.564878E-01  0.535235E-01  0.791893E-03  0.460330E+02  0.900490E+01
  0.168000E+02  0.405121E-03  0.130860E-17  0.100000E-31  0.811929E-15  0.193587E+05  0.172478E+02  0.119459E+01  0.242168E-26  0.100000E-31  0.607827E+02  0.582326E-01  0.535216E-01  0.793398E-03  0.461715E+02  0.880986E+01
  0.166000E+02  0.420169E-03  0.178867E-17  0.100000E-31  0.809380E-15  0.194332E+05  0.173969E+02  0.120125E+01  0.627293E-26  0.100000E-31  0.606301E+02  0.600513E-01  0.535197E-01  0.794883E-03  0.463086E+02  0.861688E+01
  0.164000E+02  0.436020E-03  0.243672E-17  0.100000E-31  0.806810E-15  0.195079E+05  0.175664E+02  0.120805E+01  0.156872E-25  0.100000E-31  0.604760E+02  0.619486E-01  0.535177E-01  0.796328E-03  0.464442E+02  0.842596E+01
  0.162000E+02  0.452755E-03  0.330853E-17  0.100000E-31  0.804231E-15  0.195828E+05  0.177578E+02  0.121500E+01  0.380291E-25  0.100000E-31  0.603196E+02  0.639298E-01  0.535158E-01  0.797708E-03  0.465784E+02  0.823710E+01
  0.160000E+02  0.470477E-03  0.447731E-17  0.100000E-31  0.801658E-15  0.196576E+05  0.179731E+02  0.122209E+01  0.896979E-25  0.100000E-31  0.601597E+02  0.660009E-01  0.535137E-01  0.798989E-03  0.467112E+02  0.805030E+01
  0.158000E+02  0.489309E-03  0.603891E-17  0.100000E-31  0.799110E-15  0.197324E+05  0.182144E+02  0.122932E+01  0.206509E-24  0.100000E-31  0.599948E+02  0.681689E-01  0.535117E-01  0.800127E-03  0.468425E+02  0.786557E+01
  0.156000E+02  0.509413E-03  0.811833E-17  0.100000E-31  0.796613E-15  0.198069E+05  0.184846E+02  0.123671E+01  0.465320E-24  0.100000E-31  0.598227E+02  0.704419E-01  0.535095E-01  0.801067E-03  0.469724E+02  0.768291E+01
  0.154000E+02  0.530989E-03  0.108782E-16  0.100000E-31  0.794204E-15  0.198809E+05  0.187869E+02  0.124425E+01  0.102831E-23  0.100000E-31  0.596409E+02  0.728296E-01  0.535074E-01  0.801735E-03  0.471008E+02  0.750232E+01
  0.152000E+02  0.554300E-03  0.145293E-16  0.100000E-31  0.791926E-15  0.199542E+05  0.191257E+02  0.125196E+01  0.223192E-23  0.100001E-31  0.594458E+02  0.753438E-01  0.535052E-01  0.802038E-03  0.472277E+02  0.732382E+01
  0.150000E+02  0.579685E-03  0.193445E-16  0.100000E-31  0.789840E-15  0.200265E+05  0.195064E+02  0.125985E+01  0.476143E-23  0.100002E-31  0.592329E+02  0.779987E-01  0.535029E-01  0.801863E-03  0.473532E+02  0.714739E+01
  0.148000E+02  0.607585E-03  0.256764E-16  0.100000E-31  0.788021E-15  0.200974E+05  0.199357E+02  0.126794E+01  0.998400E-23  0.100003E-31  0.589965E+02  0.808118E-01  0.535005E-01  0.801067E-03  0.474772E+02  0.697304E+01
  0.146000E+02  0.638581E-03  0.339796E-16  0.100000E-31  0.786566E-15  0.201665E+05  0.204226E+02  0.127625E+01  0.205614E-22  0.100006E-31  0.587295E+02  0.838049E-01  0.534981E-01  0.799480E-03  0.475997E+02  0.680078E+01
  0.144000E+02  0.673437E-03  0.448406E-16  0.100000E-31  0.785597E-15  0.202332E+05  0.209787E+02  0.128482E+01  0.415250E-22  0.100011E-31  0.584228E+02  0.870052E-01  0.534956E-01  0.796901E-03  0.477206E+02  0.663060E+01
  0.142000E+02  0.713160E-03  0.590159E-16  0.100000E-31  0.785265E-15  0.202969E+05  0.216187E+02  0.129368E+01  0.820450E-22  0.100020E-31  0.580658E+02  0.904468E-01  0.534930E-01  0.793102E-03  0.478401E+02  0.646252E+01
  0.140000E+02  0.759078E-03  0.774830E-16  0.100000E-31  0.785757E-15  0.203569E+05  0.223624E+02  0.130289E+01  0.158089E-21  0.100036E-31  0.576453E+02  0.941721E-01  0.534903E-01  0.787832E-03  0.479581E+02  0.629653E+01
  0.138000E+02  0.812948E-03  0.101508E-15  0.100000E-31  0.787303E-15  0.204125E+05  0.232355E+02  0.131248E+01  0.295896E-21  0.100061E-31  0.571462E+02  0.982346E-01  0.534875E-01  0.780832E-03  0.480745E+02  0.613264E+01
  0.136000E+02  0.877091E-03  0.132736E-15  0.100000E-31  0.790172E-15  0.204629E+05  0.242715E+02  0.132253E+01  0.535467E-21  0.100093E-31  0.565515E+02  0.102700E+00  0.534845E-01  0.771854E-03  0.481894E+02  0.597085E+01
  0.134000E+02  0.954573E-03  0.173311E-15  0.100000E-31  0.794687E-15  0.205074E+05  0.255146E+02  0.133308E+01  0.932004E-21  0.100148E-31  0.558426E+02  0.107651E+00  0.534813E-01  0.760684E-03  0.483028E+02  0.581117E+01
  0.132000E+02  0.104944E-02  0.226042E-15  0.100000E-31  0.801211E-15  0.205454E+05  0.270229E+02  0.134418E+01  0.155175E-20  0.100228E-31  0.550006E+02  0.113185E+00  0.534779E-01  0.747181E-03  0.484146E+02  0.565358E+01
  0.130000E+02  0.116701E-02  0.294619E-15  0.100000E-31  0.810153E-15  0.205765E+05  0.288723E+02  0.135584E+01  0.245840E-20  0.100341E-31  0.540078E+02  0.119424E+00  0.534742E-01  0.731301E-03  0.485249E+02  0.549811E+01
  0.128000E+02  0.131428E-02  0.383901E-15  0.100000E-31  0.821952E-15  0.206008E+05  0.311622E+02  0.136805E+01  0.368950E-20  0.100492E-31  0.528496E+02  0.126508E+00  0.534702E-01  0.713124E-03  0.486335E+02  0.534475E+01
  0.126000E+02  0.150041E-02  0.500298E-15  0.100000E-31  0.837060E-15  0.206184E+05  0.340222E+02  0.138074E+01  0.522976E-20  0.100689E-31  0.515169E+02  0.134601E+00  0.534656E-01  0.692856E-03  0.487406E+02  0.519350E+01
  0.124000E+02  0.173732E-02  0.652253E-15  0.100000E-31  0.855924E-15  0.206301E+05  0.376211E+02  0.139380E+01  0.699680E-20  0.100849E-31  0.500083E+02  0.143889E+00  0.534606E-01  0.670818E-03  0.488462E+02  0.504437E+01
  0.122000E+02  0.204049E-02  0.850853E-15  0.100000E-31  0.878952E-15  0.206370E+05  0.421774E+02  0.140701E+01  0.885454E-20  0.101108E-31  0.483318E+02  0.154579E+00  0.534547E-01  0.647412E-03  0.489501E+02  0.489736E+01
  0.120000E+02  0.242988E-02  0.111059E-14  0.100000E-31  0.906496E-15  0.206403E+05  0.479728E+02  0.142014E+01  0.106555E-19  0.101407E-31  0.465054E+02  0.166895E+00  0.534480E-01  0.623067E-03  0.490524E+02  0.475247E+01
  0.118000E+02  0.293111E-02  0.145025E-14  0.100000E-31  0.938819E-15  0.206415E+05  0.553694E+02  0.143289E+01  0.122921E-19  0.101750E-31  0.445559E+02  0.181076E+00  0.534400E-01  0.598202E-03  0.491530E+02  0.460971E+01
  0.116000E+02  0.357694E-02  0.189405E-14  0.100000E-31  0.976092E-15  0.206419E+05  0.648298E+02  0.144497E+01  0.137290E-19  0.102146E-31  0.425169E+02  0.197373E+00  0.534305E-01  0.573184E-03  0.492521E+02  0.446907E+01
  0.114000E+02  0.440896E-02  0.247291E-14  0.100000E-31  0.101838E-14  0.206430E+05  0.769434E+02  0.145610E+01  0.150037E-19  0.102617E-31  0.404250E+02  0.216050E+00  0.534190E-01  0.548316E-03  0.493495E+02  0.433057E+01
  0.112000E+02  0.548044E-02  0.322692E-14  0.100000E-31  0.106567E-14  0.206455E+05  0.924655E+02  0.146611E+01  0.161938E-19  0.103199E-31  0.383169E+02  0.237383E+00  0.534050E-01  0.523720E-03  0.494453E+02  0.419420E+01
  0.110000E+02  0.685675E-02  0.420247E-14  0.100000E-31  0.111788E-14  0.206504E+05  0.112325E+03  0.147486E+01  0.174215E-19  0.103431E-31  0.362248E+02  0.261674E+00  0.533878E-01  0.499966E-03  0.495393E+02  0.405996E+01
  0.108000E+02  0.862229E-02  0.546330E-14  0.100000E-31  0.117479E-14  0.206580E+05  0.137725E+03  0.148234E+01  0.187737E-19  0.104258E-31  0.341801E+02  0.289216E+00  0.533665E-01  0.476767E-03  0.496317E+02  0.392787E+01
  0.106000E+02  0.108820E-01  0.708415E-14  0.100000E-31  0.123624E-14  0.206684E+05  0.170160E+03  0.148860E+01  0.203351E-19  0.105398E-31  0.322031E+02  0.320358E+00  0.533399E-01  0.454401E-03  0.497224E+02  0.379791E+01
  0.104000E+02  0.137671E-01  0.915746E-14  0.100000E-31  0.130200E-14  0.206815E+05  0.211504E+03  0.149374E+01  0.221756E-19  0.107041E-31  0.303102E+02  0.355470E+00  0.533068E-01  0.432950E-03  0.498113E+02  0.367010E+01
  0.102000E+02  0.174409E-01  0.117955E-13  0.100000E-31  0.137182E-14  0.206971E+05  0.264095E+03  0.149789E+01  0.243562E-19  0.109531E-31  0.285123E+02  0.394958E+00  0.532655E-01  0.412478E-03  0.498986E+02  0.354443E+01
  0.100000E+02  0.221063E-01  0.151331E-13  0.100000E-31  0.144545E-14  0.207146E+05  0.330833E+03  0.150120E+01  0.269382E-19  0.113554E-31  0.268156E+02  0.439271E+00  0.532136E-01  0.393027E-03  0.499841E+02  0.342092E+01
  0.980000E+01  0.280138E-01  0.193314E-13  0.100000E-31  0.152261E-14  0.207337E+05  0.415310E+03  0.150381E+01  0.299945E-19  0.115111E-31  0.252225E+02  0.488906E+00  0.531487E-01  0.374623E-03  0.500679E+02  0.329955E+01
  0.960000E+01  0.354725E-01  0.245801E-13  0.100000E-31  0.160302E-14  0.207536E+05  0.521951E+03  0.150586E+01  0.336248E-19  0.123172E-31  0.237327E+02  0.544414E+00  0.530675E-01  0.357278E-03  0.501498E+02  0.318034E+01
  0.940000E+01  0.448610E-01  0.311007E-13  0.100000E-31  0.168638E-14  0.207739E+05  0.656180E+03  0.150744E+01  0.379770E-19  0.139153E-31  0.223439E+02  0.606407E+00  0.529659E-01  0.340987E-03  0.502300E+02  0.306329E+01
  0.920000E+01  0.566422E-01  0.391491E-13  0.100000E-31  0.177238E-14  0.207938E+05  0.824626E+03  0.150867E+01  0.432798E-19  0.176366E-31  0.210526E+02  0.675561E+00  0.528390E-01  0.325736E-03  0.503083E+02  0.294839E+01
  0.900000E+01  0.713791E-01  0.490163E-13  0.100000E-31  0.186067E-14  0.208127E+05  0.103534E+04  0.150960E+01  0.498973E-19  0.285930E-31  0.198542E+02  0.752624E+00  0.526809E-01  0.311502E-03  0.503848E+02  0.283566E+01
  0.880000E+01  0.897539E-01  0.610302E-13  0.100000E-31  0.195090E-14  0.208301E+05  0.129807E+04  0.151032E+01  0.584267E-19  0.750762E-31  0.187438E+02  0.838426E+00  0.524842E-01  0.298251E-03  0.504595E+02  0.272509E+01
  0.860000E+01  0.112589E+00  0.755540E-13  0.100000E-31  0.204267E-14  0.208453E+05  0.162454E+04  0.151087E+01  0.698874E-19  0.446630E-30  0.177162E+02  0.933883E+00  0.522403E-01  0.285947E-03  0.505322E+02  0.261668E+01
  0.840000E+01  0.140874E+00  0.929840E-13  0.100000E-31  0.213556E-14  0.208577E+05  0.202880E+04  0.151129E+01  0.861150E-19  0.551636E-30  0.167662E+02  0.104001E+01  0.519384E-01  0.274548E-03  0.506031E+02  0.251045E+01
  0.820000E+01  0.175791E+00  0.113745E-12  0.100000E-31  0.222913E-14  0.208668E+05  0.252761E+04  0.151161E+01  0.110655E-18  0.151847E-28  0.158886E+02  0.115793E+01  0.515659E-01  0.264011E-03  0.506720E+02  0.240638E+01
  0.800000E+01  0.218747E+00  0.138282E-12  0.100000E-31  0.232290E-14  0.208718E+05  0.314083E+04  0.151186E+01  0.151018E-18  0.583517E-25  0.150785E+02  0.128888E+01  0.511077E-01  0.254294E-03  0.507389E+02  0.230449E+01
  0.780000E+01  0.271411E+00  0.167051E-12  0.100000E-31  0.241636E-14  0.208723E+05  0.389188E+04  0.151205E+01  0.225146E-18  0.666163E-14  0.143312E+02  0.143424E+01  0.505458E-01  0.245357E-03  0.508039E+02  0.220477E+01
  0.760000E+01  0.335751E+00  0.200501E-12  0.100000E-31  0.250896E-14  0.208677E+05  0.480823E+04  0.151221E+01  0.383537E-18  0.135975E-13  0.136423E+02  0.159554E+01  0.498588E-01  0.237161E-03  0.508668E+02  0.210723E+01
  0.740000E+01  0.414078E+00  0.239059E-12  0.100000E-31  0.260014E-14  0.208572E+05  0.592187E+04  0.151234E+01  0.805230E-18  0.724812E-13  0.130076E+02  0.177446E+01  0.490218E-01  0.229668E-03  0.509277E+02  0.201188E+01
  0.720000E+01  0.509088E+00  0.283106E-12  0.100000E-31  0.268927E-14  0.208404E+05  0.726986E+04  0.151245E+01  0.239062E-17  0.191488E-12  0.124233E+02  0.197288E+01  0.480055E-01  0.222848E-03  0.509865E+02  0.191870E+01
  0.700000E+01  0.623916E+00  0.332949E-12  0.100000E-31  0.277574E-14  0.208165E+05  0.889478E+04  0.151255E+01  0.133133E-16  0.128030E-11  0.118861E+02  0.219289E+01  0.467756E-01  0.216670E-03  0.510432E+02  0.182771E+01
  0.680000E+01  0.762183E+00  0.388792E-12  0.100000E-31  0.285886E-14  0.207848E+05  0.108453E+05  0.151265E+01  0.288921E-15  0.219391E-10  0.113925E+02  0.243678E+01  0.452925E-01  0.211109E-03  0.510977E+02  0.173890E+01
  0.660000E+01  0.928055E+00  0.450705E-12  0.100000E-31  0.293794E-14  0.207447E+05  0.131766E+05  0.151276E+01  0.814070E-12  0.142804E-07  0.109399E+02  0.270714E+01  0.435106E-01  0.206141E-03  0.511500E+02  0.165228E+01
  0.640000E+01  0.100000E+01  0.518587E-12  0.100000E-31  0.301227E-14  0.206955E+05  0.141672E+05  0.151282E+01  0.629130E-01  0.231402E+00  0.105255E+02  0.300682E+01  0.416166E-01  0.201748E-03  0.512001E+02  0.156785E+01
  0.620000E+01  0.100000E+01  0.569117E-12  0.100000E-31  0.296136E-14  0.206365E+05  0.151776E+05  0.151286E+01  0.773872E-01  0.283446E+00  0.105573E+02  0.320923E+01  0.397490E-01  0.182858E-03  0.512479E+02  0.148562E+01
  0.600000E+01  0.100000E+01  0.121700E-11  0.100000E-31  0.570351E-14  0.225075E+05  0.170387E+05  0.151293E+01  0.208129E+00  0.414354E+00  0.540283E+01  0.672599E+01  0.379080E-01  0.159608E-03  0.512933E+02  0.140558E+01
  0.580000E+01  0.100000E+01  0.181300E-11  0.100000E-31  0.769504E-14  0.251850E+05  0.194807E+05  0.151302E+01  0.316472E+00  0.524961E+00  0.394528E+01  0.989902E+01  0.360941E-01  0.129714E-03  0.513364E+02  0.132774E+01
  0.560000E+01  0.100000E+01  0.254101E-11  0.100000E-31  0.982293E-14  0.283046E+05  0.223153E+05  0.151314E+01  0.421152E+00  0.616737E+00  0.304342E+01  0.138203E+02  0.343080E-01  0.103576E-03  0.513769E+02  0.125209E+01
  0.540000E+01  0.100000E+01  0.350849E-11  0.100000E-31  0.124263E-13  0.317723E+05  0.254811E+05  0.151328E+01  0.521862E+00  0.694912E+00  0.236784E+01  0.191738E+02  0.325501E-01  0.826986E-04  0.514150E+02  0.117865E+01
  0.520000E+01  0.100000E+01  0.478346E-11  0.100000E-31  0.156134E-13  0.355122E+05  0.289185E+05  0.151345E+01  0.612944E+00  0.758967E+00  0.185371E+01  0.264990E+02  0.308209E-01  0.663358E-04  0.514504E+02  0.110741E+01
  0.500000E+01  0.100000E+01  0.642607E-11  0.100000E-31  0.445549E-13  0.394390E+05  0.325379E+05  0.151314E+01  0.691974E+00  0.809834E+00  0.146295E+01  0.364208E+02  0.291204E-01  0.534050E-04  0.514832E+02  0.103837E+01
  0.480000E+01  0.100000E+01  0.851916E-11  0.100000E-31  0.551175E-13  0.434660E+05  0.362454E+05  0.151307E+01  0.756860E+00  0.850086E+00  0.116182E+01  0.498785E+02  0.274496E-01  0.435906E-04  0.515133E+02  0.971542E+00
  0.460000E+01  0.100000E+01  0.109934E-10  0.100000E-31  0.668055E-13  0.473987E+05  0.398961E+05  0.151314E+01  0.807842E+00  0.867225E+00  0.941048E+00  0.671669E+02  0.258092E-01  0.359742E-04  0.515405E+02  0.906920E+00
  0.440000E+01  0.100000E+01  0.139101E-10  0.100000E-31  0.138915E-12  0.511565E+05  0.432989E+05  0.151233E+01  0.848786E+00  0.894376E+00  0.771496E+00  0.896347E+02  0.241993E-01  0.299796E-04  0.515648E+02  0.844508E+00
  0.420000E+01  0.100000E+01  0.173087E-10  0.100000E-31  0.164622E-12  0.546710E+05  0.464806E+05  0.151200E+01  0.880626E+00  0.915093E+00  0.638100E+00  0.118956E+03  0.226210E-01  0.254517E-04  0.515860E+02  0.784307E+00
  0.400000E+01  0.100000E+01  0.208223E-10  0.100000E-31  0.189995E-12  0.577499E+05  0.492933E+05  0.151190E+01  0.904554E+00  0.931056E+00  0.541403E+00  0.154433E+03  0.210753E-01  0.219162E-04  0.516040E+02  0.726319E+00
  0.380000E+01  0.100000E+01  0.245314E-10  0.100000E-31  0.285269E-12  0.604214E+05  0.515582E+05  0.151098E+01  0.923514E+00  0.943699E+00  0.464992E+00  0.198810E+03  0.195626E-01  0.191253E-04  0.516186E+02  0.670546E+00
  0.360000E+01  0.100000E+01  0.283621E-10  0.100000E-31  0.321412E-12  0.627076E+05  0.534863E+05  0.151057E+01  0.938278E+00  0.953671E+00  0.403251E+00  0.254505E+03  0.180842E-01  0.169859E-04  0.516299E+02  0.616990E+00
  0.340000E+01  0.100000E+01  0.317371E-10  0.100000E-31  0.353451E-12  0.645333E+05  0.550070E+05  0.151041E+01  0.949463E+00  0.956964E+00  0.357834E+00  0.319800E+03  0.166414E-01  0.152969E-04  0.516374E+02  0.565651E+00
  0.320000E+01  0.100000E+01  0.347904E-10  0.100000E-31  0.384151E-12  0.660124E+05  0.561890E+05  0.151040E+01  0.958353E+00  0.964062E+00  0.320808E+00  0.399633E+03  0.152355E-01  0.139779E-04  0.516411E+02  0.516533E+00
  0.300000E+01  0.100000E+01  0.373295E-10  0.100000E-31  0.412518E-12  0.672140E+05  0.570692E+05  0.151049E+01  0.965447E+00  0.969763E+00  0.290610E+00  0.496787E+03  0.138677E-01  0.129390E-04  0.516408E+02  0.469635E+00
  0.280000E+01  0.100000E+01  0.391668E-10  0.100000E-31  0.437504E-12  0.681841E+05  0.576671E+05  0.151064E+01  0.971129E+00  0.974359E+00  0.266034E+00  0.614523E+03  0.125397E-01  0.121242E-04  0.516361E+02  0.424960E+00
  0.260000E+01  0.100000E+01  0.401379E-10  0.100000E-31  0.458050E-12  0.689560E+05  0.579907E+05  0.151084E+01  0.975699E+00  0.978076E+00  0.246144E+00  0.756681E+03  0.112532E-01  0.114973E-04  0.516268E+02  0.382509E+00
  0.240000E+01  0.100000E+01  0.401170E-10  0.100000E-31  0.473099E-12  0.695544E+05  0.580375E+05  0.151108E+01  0.979390E+00  0.981090E+00  0.230235E+00  0.927733E+03  0.100102E-01  0.110353E-04  0.516126E+02  0.342283E+00
  0.220000E+01  0.100000E+01  0.390336E-10  0.100000E-31  0.481616E-12  0.699959E+05  0.577922E+05  0.151134E+01  0.982381E+00  0.983537E+00  0.217797E+00  0.113281E+04  0.881314E-02  0.107252E-04  0.515929E+02  0.304284E+00
  0.200000E+01  0.100000E+01  0.368856E-10  0.100000E-31  0.482624E-12  0.702889E+05  0.572244E+05  0.151162E+01  0.984812E+00  0.984221E+00  0.208488E+00  0.137769E+04  0.766471E-02  0.105626E-04  0.515674E+02  0.268513E+00
  0.180000E+01  0.100000E+01  0.337497E-10  0.100000E-31  0.475254E-12  0.704334E+05  0.562851E+05  0.151189E+01  0.986791E+00  0.986076E+00  0.202117E+00  0.166863E+04  0.656823E-02  0.105524E-04  0.515355E+02  0.234971E+00
  0.160000E+01  0.100000E+01  0.297846E-10  0.100000E-31  0.458826E-12  0.704194E+05  0.549019E+05  0.151214E+01  0.988402E+00  0.987575E+00  0.198645E+00  0.201203E+04  0.552766E-02  0.107101E-04  0.514965E+02  0.203660E+00
  0.140000E+01  0.100000E+01  0.252258E-10  0.100000E-31  0.432940E-12  0.702242E+05  0.529720E+05  0.151233E+01  0.989709E+00  0.988774E+00  0.198198E+00  0.241380E+04  0.454780E-02  0.110659E-04  0.514496E+02  0.174580E+00
  0.120000E+01  0.100000E+01  0.203706E-10  0.100000E-31  0.397611E-12  0.698072E+05  0.503541E+05  0.151241E+01  0.990764E+00  0.989713E+00  0.201107E+00  0.287805E+04  0.363443E-02  0.116719E-04  0.513937E+02  0.147732E+00
  0.100000E+01  0.100000E+01  0.155516E-10  0.100000E-31  0.353427E-12  0.691014E+05  0.468583E+05  0.151231E+01  0.991603E+00  0.990426E+00  0.207974E+00  0.340500E+04  0.279453E-02  0.126145E-04  0.513277E+02  0.123119E+00
  0.800000E+00  0.100000E+01  0.110986E-10  0.100000E-31  0.301731E-12  0.679990E+05  0.422398E+05  0.151190E+01  0.992255E+00  0.990597E+00  0.219809E+00  0.398759E+04  0.203630E-02  0.140405E-04  0.512498E+02  0.100739E+00
  0.600000E+00  0.100000E+01  0.729309E-11  0.100000E-31  0.244793E-12  0.663295E+05  0.362057E+05  0.151099E+01  0.992742E+00  0.991060E+00  0.238289E+00  0.460624E+04  0.136899E-02  0.162077E-04  0.511583E+02  0.805953E-01
  0.400000E+00  0.100000E+01  0.432197E-11  0.100000E-31  0.185901E-12  0.638285E+05  0.284594E+05  0.150924E+01  0.993087E+00  0.991424E+00  0.266297E+00  0.522161E+04  0.802107E-03  0.195949E-04  0.510506E+02  0.626878E-01
  0.200000E+00  0.100000E+01  0.224240E-11  0.100000E-31  0.129252E-12  0.601025E+05  0.249112E+05  0.151258E+01  0.993387E+00  0.991796E+00  0.309224E+00  0.576504E+04  0.344385E-03  0.251681E-04  0.509235E+02  0.470173E-01
  0.100000E-31  0.100000E+01  0.972669E-12  0.100000E-31  0.794141E-13  0.546588E+05  0.199459E+05  0.151872E+01  0.993713E+00  0.998093E+00  0.378807E+00  0.612076E+04  0.100000E-31  0.351424E-04  0.507722E+02  0.335838E-01
