49.5  0.136E-16  0.324E+02  0.748E+02  0.290E-31  0.482E+40  0.341E-02  0.427E-30
49.0  0.130E-17  0.318E+02  0.771E+02  0.673E-31  0.116E+41  0.340E-02  0.103E-29
48.5  0.129E-17  0.312E+02  0.795E+02  0.152E-30  0.271E+41  0.338E-02  0.240E-29
48.0  0.128E-17  0.305E+02  0.819E+02  0.340E-30  0.627E+41  0.336E-02  0.556E-29
47.5  0.127E-17  0.299E+02  0.845E+02  0.744E-30  0.142E+42  0.334E-02  0.126E-28
47.0  0.126E-17  0.293E+02  0.872E+02  0.161E-29  0.320E+42  0.333E-02  0.283E-28
46.5  0.125E-17  0.287E+02  0.899E+02  0.349E-29  0.718E+42  0.331E-02  0.637E-28
46.0  0.125E-17  0.281E+02  0.929E+02  0.746E-29  0.159E+43  0.329E-02  0.141E-27
45.5  0.124E-17  0.275E+02  0.959E+02  0.158E-28  0.350E+43  0.327E-02  0.310E-27
45.0  0.124E-17  0.269E+02  0.991E+02  0.333E-28  0.767E+43  0.326E-02  0.680E-27
44.5  0.125E-17  0.264E+02  0.102E+03  0.695E-28  0.166E+44  0.324E-02  0.148E-26
44.0  0.128E-17  0.258E+02  0.106E+03  0.143E-27  0.356E+44  0.322E-02  0.316E-26
43.5  0.135E-17  0.252E+02  0.109E+03  0.296E-27  0.766E+44  0.320E-02  0.680E-26
43.0  0.152E-17  0.247E+02  0.113E+03  0.602E-27  0.162E+45  0.318E-02  0.144E-25
42.5  0.189E-17  0.241E+02  0.117E+03  0.121E-26  0.340E+45  0.316E-02  0.302E-25
42.0  0.268E-17  0.236E+02  0.121E+03  0.244E-26  0.712E+45  0.315E-02  0.631E-25
41.5  0.495E-17  0.230E+02  0.126E+03  0.573E-26  0.174E+46  0.313E-02  0.155E-24
41.0  0.113E-16  0.225E+02  0.130E+03  0.145E-25  0.459E+46  0.311E-02  0.406E-24
40.5  0.229E-16  0.219E+02  0.135E+03  0.289E-25  0.956E+46  0.309E-02  0.848E-24
40.0  0.409E-16  0.214E+02  0.140E+03  0.497E-25  0.171E+47  0.307E-02  0.152E-23
39.5  0.743E-16  0.209E+02  0.145E+03  0.857E-25  0.309E+47  0.305E-02  0.274E-23
39.0  0.159E-15  0.204E+02  0.151E+03  0.173E-24  0.653E+47  0.303E-02  0.578E-23
38.5  0.346E-15  0.199E+02  0.157E+03  0.353E-24  0.139E+48  0.301E-02  0.123E-22
38.0  0.717E-15  0.194E+02  0.163E+03  0.683E-24  0.281E+48  0.299E-02  0.249E-22
37.5  0.148E-14  0.189E+02  0.169E+03  0.132E-23  0.567E+48  0.297E-02  0.503E-22
37.0  0.263E-14  0.184E+02  0.176E+03  0.218E-23  0.984E+48  0.295E-02  0.872E-22
36.5  0.472E-14  0.179E+02  0.183E+03  0.365E-23  0.172E+49  0.293E-02  0.153E-21
36.0  0.860E-14  0.175E+02  0.191E+03  0.619E-23  0.307E+49  0.291E-02  0.272E-21
35.5  0.182E-13  0.170E+02  0.199E+03  0.122E-22  0.635E+49  0.289E-02  0.563E-21
35.0  0.428E-13  0.165E+02  0.207E+03  0.267E-22  0.145E+50  0.287E-02  0.129E-20
34.5  0.929E-13  0.161E+02  0.216E+03  0.538E-22  0.308E+50  0.285E-02  0.273E-20
34.0  0.175E-12  0.156E+02  0.226E+03  0.939E-22  0.565E+50  0.283E-02  0.501E-20
33.5  0.289E-12  0.152E+02  0.236E+03  0.143E-21  0.908E+50  0.281E-02  0.805E-20
33.0  0.479E-12  0.148E+02  0.246E+03  0.220E-21  0.147E+51  0.279E-02  0.130E-19
32.5  0.811E-12  0.143E+02  0.257E+03  0.345E-21  0.242E+51  0.277E-02  0.214E-19
32.0  0.140E-11  0.139E+02  0.269E+03  0.550E-21  0.407E+51  0.275E-02  0.361E-19
31.5  0.277E-11  0.135E+02  0.282E+03  0.101E-20  0.785E+51  0.272E-02  0.696E-19
31.0  0.553E-11  0.131E+02  0.296E+03  0.185E-20  0.152E+52  0.270E-02  0.135E-18
30.5  0.939E-11  0.127E+02  0.310E+03  0.288E-20  0.251E+52  0.268E-02  0.223E-18
30.0  0.175E-10  0.123E+02  0.325E+03  0.494E-20  0.456E+52  0.266E-02  0.404E-18
29.5  0.362E-10  0.119E+02  0.342E+03  0.937E-20  0.916E+52  0.264E-02  0.812E-18
29.0  0.712E-10  0.115E+02  0.359E+03  0.169E-19  0.175E+53  0.261E-02  0.155E-17
28.5  0.134E-09  0.111E+02  0.378E+03  0.289E-19  0.318E+53  0.259E-02  0.282E-17
28.0  0.242E-09  0.108E+02  0.398E+03  0.480E-19  0.560E+53  0.257E-02  0.496E-17
27.5  0.429E-09  0.104E+02  0.420E+03  0.774E-19  0.960E+53  0.254E-02  0.851E-17
27.0  0.746E-09  0.101E+02  0.443E+03  0.123E-18  0.162E+54  0.252E-02  0.143E-16
26.5  0.128E-08  0.970E+01  0.468E+03  0.191E-18  0.269E+54  0.250E-02  0.238E-16
26.0  0.217E-08  0.936E+01  0.494E+03  0.294E-18  0.441E+54  0.247E-02  0.391E-16
25.5  0.343E-08  0.902E+01  0.523E+03  0.421E-18  0.675E+54  0.245E-02  0.598E-16
25.0  0.496E-08  0.869E+01  0.554E+03  0.550E-18  0.942E+54  0.242E-02  0.835E-16
24.5  0.770E-08  0.838E+01  0.587E+03  0.771E-18  0.141E+55  0.240E-02  0.125E-15
24.0  0.134E-07  0.808E+01  0.623E+03  0.120E-17  0.237E+55  0.238E-02  0.210E-15
23.5  0.230E-07  0.779E+01  0.661E+03  0.186E-17  0.393E+55  0.236E-02  0.348E-15
23.0  0.388E-07  0.753E+01  0.701E+03  0.282E-17  0.637E+55  0.234E-02  0.565E-15
22.5  0.643E-07  0.732E+01  0.743E+03  0.419E-17  0.101E+56  0.233E-02  0.898E-15
22.0  0.105E-06  0.717E+01  0.784E+03  0.612E-17  0.158E+56  0.233E-02  0.140E-14
21.5  0.169E-06  0.712E+01  0.823E+03  0.884E-17  0.242E+56  0.234E-02  0.215E-14
21.0  0.273E-06  0.724E+01  0.855E+03  0.127E-16  0.366E+56  0.238E-02  0.325E-14
20.5  0.461E-06  0.764E+01  0.872E+03  0.193E-16  0.574E+56  0.247E-02  0.509E-14
20.0  0.801E-06  0.840E+01  0.873E+03  0.299E-16  0.900E+56  0.262E-02  0.798E-14
19.5  0.137E-05  0.971E+01  0.853E+03  0.456E-16  0.135E+57  0.285E-02  0.120E-13
19.0  0.251E-05  0.122E+02  0.798E+03  0.749E-16  0.211E+57  0.324E-02  0.187E-13
18.5  0.473E-05  0.160E+02  0.734E+03  0.122E-15  0.321E+57  0.376E-02  0.285E-13
18.0  0.891E-05  0.219E+02  0.661E+03  0.199E-15  0.476E+57  0.445E-02  0.422E-13
17.5  0.169E-04  0.313E+02  0.583E+03  0.322E-15  0.690E+57  0.539E-02  0.611E-13
17.0  0.313E-04  0.452E+02  0.512E+03  0.498E-15  0.950E+57  0.657E-02  0.842E-13
16.5  0.550E-04  0.654E+02  0.451E+03  0.722E-15  0.123E+58  0.801E-02  0.109E-12
16.0  0.990E-04  0.974E+02  0.392E+03  0.108E-14  0.163E+58  0.991E-02  0.144E-12
15.5  0.191E-03  0.143E+03  0.344E+03  0.169E-14  0.226E+58  0.122E-01  0.200E-12
15.0  0.374E-03  0.202E+03  0.307E+03  0.264E-14  0.321E+58  0.147E-01  0.284E-12
14.5  0.717E-03  0.287E+03  0.275E+03  0.412E-14  0.455E+58  0.178E-01  0.403E-12
14.0  0.130E-02  0.413E+03  0.245E+03  0.605E-14  0.604E+58  0.217E-01  0.535E-12
13.5  0.238E-02  0.622E+03  0.213E+03  0.909E-14  0.805E+58  0.271E-01  0.713E-12
13.0  0.457E-02  0.922E+03  0.188E+03  0.138E-13  0.109E+59  0.335E-01  0.970E-12
12.5  0.856E-02  0.130E+04  0.170E+03  0.199E-13  0.146E+59  0.405E-01  0.129E-11
12.0  0.150E-01  0.182E+04  0.155E+03  0.272E-13  0.185E+59  0.489E-01  0.164E-11
11.5  0.252E-01  0.262E+04  0.140E+03  0.362E-13  0.227E+59  0.598E-01  0.201E-11
11.0  0.435E-01  0.378E+04  0.126E+03  0.490E-13  0.282E+59  0.734E-01  0.250E-11
10.5  0.744E-01  0.519E+04  0.118E+03  0.633E-13  0.347E+59  0.877E-01  0.307E-11
10.0  0.124E+00  0.696E+04  0.111E+03  0.808E-13  0.427E+59  0.104E+00  0.378E-11
 9.5  0.204E+00  0.932E+04  0.105E+03  0.101E-12  0.519E+59  0.123E+00  0.460E-11
 9.0  0.324E+00  0.123E+05  0.101E+03  0.121E-12  0.608E+59  0.145E+00  0.539E-11
 8.5  0.508E+00  0.163E+05  0.973E+02  0.142E-12  0.709E+59  0.171E+00  0.629E-11
 8.0  0.772E+00  0.210E+05  0.957E+02  0.158E-12  0.796E+59  0.199E+00  0.705E-11
 7.5  0.100E+01  0.263E+05  0.421E+02  0.371E-12  0.848E+59  0.520E+00  0.752E-11
 7.0  0.100E+01  0.464E+05  0.250E+02  0.619E-12  0.866E+59  0.102E+01  0.768E-11
 6.5  0.100E+01  0.856E+05  0.972E+01  0.152E-11  0.854E+59  0.308E+01  0.757E-11
 6.0  0.100E+01  0.128E+06  0.408E+01  0.324E-11  0.792E+59  0.871E+01  0.702E-11
 5.5  0.100E+01  0.161E+06  0.238E+01  0.475E-11  0.703E+59  0.179E+02  0.623E-11
 5.0  0.100E+01  0.185E+06  0.171E+01  0.570E-11  0.631E+59  0.305E+02  0.560E-11
 4.5  0.100E+01  0.206E+06  0.132E+01  0.652E-11  0.584E+59  0.490E+02  0.517E-11
 4.0  0.100E+01  0.227E+06  0.102E+01  0.766E-11  0.555E+59  0.806E+02  0.492E-11
 3.5  0.100E+01  0.254E+06  0.737E+00  0.985E-11  0.548E+59  0.144E+03  0.486E-11
 3.0  0.100E+01  0.289E+06  0.514E+00  0.130E-10  0.539E+59  0.275E+03  0.478E-11
 2.5  0.100E+01  0.332E+06  0.350E+00  0.169E-10  0.516E+59  0.559E+03  0.458E-11
 2.0  0.100E+01  0.377E+06  0.252E+00  0.190E-10  0.459E+59  0.112E+04  0.407E-11
