49.5  0.136E-16  0.231E+02  0.887E+02  0.917E-32  0.181E+40  0.288E-02  0.427E-30
49.0  0.106E-17  0.226E+02  0.914E+02  0.213E-31  0.434E+40  0.286E-02  0.103E-29
48.5  0.105E-17  0.222E+02  0.942E+02  0.481E-31  0.102E+41  0.285E-02  0.240E-29
48.0  0.104E-17  0.217E+02  0.971E+02  0.107E-30  0.235E+41  0.283E-02  0.556E-29
47.5  0.104E-17  0.213E+02  0.100E+03  0.235E-30  0.534E+41  0.282E-02  0.126E-28
47.0  0.103E-17  0.209E+02  0.103E+03  0.509E-30  0.120E+42  0.280E-02  0.283E-28
46.5  0.102E-17  0.204E+02  0.107E+03  0.110E-29  0.269E+42  0.279E-02  0.637E-28
46.0  0.101E-17  0.200E+02  0.110E+03  0.236E-29  0.598E+42  0.278E-02  0.141E-27
45.5  0.101E-17  0.196E+02  0.114E+03  0.499E-29  0.131E+43  0.276E-02  0.310E-27
45.0  0.100E-17  0.192E+02  0.117E+03  0.105E-28  0.288E+43  0.274E-02  0.680E-27
44.5  0.100E-17  0.188E+02  0.121E+03  0.220E-28  0.624E+43  0.273E-02  0.148E-26
44.0  0.100E-17  0.183E+02  0.125E+03  0.452E-28  0.134E+44  0.271E-02  0.316E-26
43.5  0.102E-17  0.179E+02  0.130E+03  0.936E-28  0.287E+44  0.270E-02  0.680E-26
43.0  0.107E-17  0.175E+02  0.134E+03  0.190E-27  0.608E+44  0.268E-02  0.144E-25
42.5  0.118E-17  0.172E+02  0.139E+03  0.384E-27  0.128E+45  0.267E-02  0.302E-25
42.0  0.141E-17  0.168E+02  0.144E+03  0.771E-27  0.267E+45  0.265E-02  0.631E-25
41.5  0.210E-17  0.164E+02  0.149E+03  0.181E-26  0.654E+45  0.264E-02  0.155E-24
41.0  0.405E-17  0.160E+02  0.154E+03  0.457E-26  0.172E+46  0.262E-02  0.406E-24
40.5  0.756E-17  0.156E+02  0.160E+03  0.914E-26  0.359E+46  0.260E-02  0.848E-24
40.0  0.131E-16  0.152E+02  0.166E+03  0.157E-25  0.643E+46  0.259E-02  0.152E-23
39.5  0.233E-16  0.149E+02  0.172E+03  0.271E-25  0.116E+47  0.257E-02  0.274E-23
39.0  0.493E-16  0.145E+02  0.179E+03  0.548E-25  0.245E+47  0.256E-02  0.578E-23
38.5  0.106E-15  0.142E+02  0.186E+03  0.112E-24  0.521E+47  0.254E-02  0.123E-22
38.0  0.219E-15  0.138E+02  0.193E+03  0.216E-24  0.105E+48  0.252E-02  0.249E-22
37.5  0.452E-15  0.135E+02  0.201E+03  0.417E-24  0.213E+48  0.251E-02  0.503E-22
37.0  0.804E-15  0.131E+02  0.209E+03  0.690E-24  0.369E+48  0.249E-02  0.872E-22
36.5  0.144E-14  0.128E+02  0.217E+03  0.115E-23  0.646E+48  0.247E-02  0.153E-21
36.0  0.263E-14  0.124E+02  0.226E+03  0.196E-23  0.115E+49  0.246E-02  0.272E-21
35.5  0.557E-14  0.121E+02  0.236E+03  0.387E-23  0.238E+49  0.244E-02  0.563E-21
35.0  0.131E-13  0.118E+02  0.246E+03  0.843E-23  0.545E+49  0.242E-02  0.129E-20
34.5  0.284E-13  0.115E+02  0.256E+03  0.170E-22  0.115E+50  0.240E-02  0.273E-20
34.0  0.534E-13  0.111E+02  0.268E+03  0.297E-22  0.212E+50  0.239E-02  0.501E-20
33.5  0.881E-13  0.108E+02  0.279E+03  0.454E-22  0.340E+50  0.237E-02  0.805E-20
33.0  0.146E-12  0.105E+02  0.292E+03  0.696E-22  0.550E+50  0.235E-02  0.130E-19
32.5  0.248E-12  0.102E+02  0.305E+03  0.109E-21  0.907E+50  0.233E-02  0.214E-19
32.0  0.428E-12  0.991E+01  0.320E+03  0.174E-21  0.153E+51  0.231E-02  0.361E-19
31.5  0.847E-12  0.961E+01  0.335E+03  0.318E-21  0.294E+51  0.230E-02  0.696E-19
31.0  0.169E-11  0.932E+01  0.351E+03  0.584E-21  0.571E+51  0.228E-02  0.135E-18
30.5  0.287E-11  0.903E+01  0.368E+03  0.910E-21  0.941E+51  0.226E-02  0.223E-18
30.0  0.535E-11  0.875E+01  0.386E+03  0.156E-20  0.171E+52  0.224E-02  0.404E-18
29.5  0.111E-10  0.847E+01  0.405E+03  0.296E-20  0.343E+52  0.222E-02  0.812E-18
29.0  0.217E-10  0.820E+01  0.426E+03  0.533E-20  0.655E+52  0.220E-02  0.155E-17
28.5  0.408E-10  0.793E+01  0.449E+03  0.915E-20  0.119E+53  0.218E-02  0.282E-17
28.0  0.740E-10  0.767E+01  0.472E+03  0.152E-19  0.210E+53  0.216E-02  0.496E-17
27.5  0.131E-09  0.741E+01  0.498E+03  0.245E-19  0.360E+53  0.214E-02  0.851E-17
27.0  0.228E-09  0.715E+01  0.525E+03  0.387E-19  0.607E+53  0.212E-02  0.143E-16
26.5  0.390E-09  0.690E+01  0.555E+03  0.603E-19  0.101E+54  0.210E-02  0.238E-16
26.0  0.661E-09  0.666E+01  0.586E+03  0.928E-19  0.165E+54  0.208E-02  0.391E-16
25.5  0.105E-08  0.641E+01  0.621E+03  0.133E-18  0.253E+54  0.206E-02  0.598E-16
25.0  0.151E-08  0.618E+01  0.657E+03  0.174E-18  0.353E+54  0.204E-02  0.835E-16
24.5  0.235E-08  0.595E+01  0.697E+03  0.243E-18  0.530E+54  0.202E-02  0.125E-15
24.0  0.407E-08  0.573E+01  0.740E+03  0.380E-18  0.887E+54  0.200E-02  0.210E-15
23.5  0.701E-08  0.552E+01  0.786E+03  0.587E-18  0.147E+55  0.198E-02  0.348E-15
23.0  0.118E-07  0.532E+01  0.835E+03  0.888E-18  0.239E+55  0.196E-02  0.565E-15
22.5  0.195E-07  0.513E+01  0.888E+03  0.131E-17  0.380E+55  0.195E-02  0.898E-15
22.0  0.317E-07  0.498E+01  0.942E+03  0.191E-17  0.592E+55  0.194E-02  0.140E-14
21.5  0.509E-07  0.487E+01  0.997E+03  0.274E-17  0.908E+55  0.193E-02  0.215E-14
21.0  0.811E-07  0.481E+01  0.105E+04  0.389E-17  0.137E+56  0.194E-02  0.325E-14
20.5  0.135E-06  0.487E+01  0.109E+04  0.577E-17  0.215E+56  0.197E-02  0.509E-14
20.0  0.228E-06  0.507E+01  0.113E+04  0.870E-17  0.337E+56  0.203E-02  0.798E-14
19.5  0.378E-06  0.549E+01  0.114E+04  0.128E-16  0.508E+56  0.214E-02  0.120E-13
19.0  0.664E-06  0.639E+01  0.111E+04  0.202E-16  0.792E+56  0.233E-02  0.187E-13
18.5  0.119E-05  0.779E+01  0.106E+04  0.319E-16  0.120E+57  0.261E-02  0.285E-13
18.0  0.215E-05  0.101E+02  0.980E+03  0.503E-16  0.179E+57  0.300E-02  0.422E-13
17.5  0.394E-05  0.137E+02  0.885E+03  0.796E-16  0.259E+57  0.355E-02  0.611E-13
17.0  0.711E-05  0.191E+02  0.791E+03  0.121E-15  0.356E+57  0.425E-02  0.842E-13
16.5  0.122E-04  0.270E+02  0.705E+03  0.173E-15  0.461E+57  0.512E-02  0.109E-12
16.0  0.217E-04  0.393E+02  0.619E+03  0.257E-15  0.609E+57  0.627E-02  0.144E-12
15.5  0.412E-04  0.567E+02  0.547E+03  0.398E-15  0.846E+57  0.764E-02  0.200E-12
15.0  0.800E-04  0.794E+02  0.493E+03  0.619E-15  0.120E+58  0.917E-02  0.284E-12
14.5  0.152E-03  0.112E+03  0.443E+03  0.961E-15  0.171E+58  0.110E-01  0.403E-12
14.0  0.274E-03  0.160E+03  0.395E+03  0.141E-14  0.226E+58  0.134E-01  0.535E-12
13.5  0.502E-03  0.240E+03  0.345E+03  0.211E-14  0.302E+58  0.167E-01  0.713E-12
13.0  0.964E-03  0.355E+03  0.305E+03  0.319E-14  0.410E+58  0.207E-01  0.970E-12
12.5  0.181E-02  0.501E+03  0.276E+03  0.460E-14  0.546E+58  0.250E-01  0.129E-11
12.0  0.316E-02  0.703E+03  0.251E+03  0.630E-14  0.693E+58  0.302E-01  0.164E-11
11.5  0.535E-02  0.102E+04  0.226E+03  0.841E-14  0.850E+58  0.370E-01  0.201E-11
11.0  0.932E-02  0.148E+04  0.204E+03  0.114E-13  0.106E+59  0.455E-01  0.250E-11
10.5  0.161E-01  0.203E+04  0.189E+03  0.147E-13  0.130E+59  0.544E-01  0.307E-11
10.0  0.273E-01  0.274E+04  0.178E+03  0.188E-13  0.160E+59  0.646E-01  0.378E-11
 9.5  0.454E-01  0.372E+04  0.168E+03  0.238E-13  0.195E+59  0.770E-01  0.461E-11
 9.0  0.734E-01  0.499E+04  0.160E+03  0.287E-13  0.229E+59  0.913E-01  0.542E-11
 8.5  0.118E+00  0.669E+04  0.153E+03  0.345E-13  0.271E+59  0.108E+00  0.641E-11
 8.0  0.188E+00  0.876E+04  0.150E+03  0.396E-13  0.312E+59  0.127E+00  0.737E-11
 7.5  0.287E+00  0.112E+05  0.148E+03  0.432E-13  0.348E+59  0.148E+00  0.822E-11
 7.0  0.431E+00  0.143E+05  0.148E+03  0.459E-13  0.381E+59  0.172E+00  0.902E-11
 6.5  0.637E+00  0.181E+05  0.151E+03  0.475E-13  0.414E+59  0.198E+00  0.979E-11
 6.0  0.914E+00  0.221E+05  0.157E+03  0.456E-13  0.429E+59  0.226E+00  0.101E-10
 5.5  0.100E+01  0.264E+05  0.547E+02  0.125E-12  0.427E+59  0.782E+00  0.101E-10
 5.0  0.100E+01  0.563E+05  0.354E+02  0.183E-12  0.419E+59  0.147E+01  0.991E-11
 4.5  0.100E+01  0.918E+05  0.126E+02  0.465E-12  0.397E+59  0.515E+01  0.937E-11
 4.0  0.100E+01  0.123E+06  0.635E+01  0.775E-12  0.351E+59  0.129E+02  0.830E-11
 3.5  0.100E+01  0.144E+06  0.426E+01  0.949E-12  0.305E+59  0.249E+02  0.722E-11
 3.0  0.100E+01  0.159E+06  0.337E+01  0.981E-12  0.266E+59  0.421E+02  0.629E-11
 2.5  0.100E+01  0.170E+06  0.280E+01  0.969E-12  0.236E+59  0.700E+02  0.557E-11
 2.0  0.100E+01  0.179E+06  0.247E+01  0.855E-12  0.202E+59  0.115E+03  0.477E-11
