
# File: nofm.dat 
#  Cre: 2012-09
#  Mod: $Date: 2012/09/17 07:26:16 $ ($Revision: 1.1 $)

# This file lists the halo mass function at redshift zero.  See also
# plot_nm.f90.

# Column 1: halo mass (10^10 M_solar) 
# Column 2: dn/dm . dm (Mpc^-3)

  1.840140696563630E-003   1.09184877321708     
  1.929200825692375E-003   1.05035047325518     
  2.022783832546830E-003   1.01033934211687     
  2.121130648044482E-003  0.971808295353950     
  2.224495657458500E-003  0.934664340312277     
  2.333147487452599E-003  0.898875459173849     
  2.447369841299027E-003  0.864382637707780     
  2.567462385363899E-003  0.831179469967763     
  2.693741690150119E-003  0.799152593865389     
  2.826542229408919E-003  0.768310030543819     
  2.966217441066759E-003  0.738586568420911     
  3.113140853967124E-003  0.710004676801596     
  3.267707284696957E-003  0.682450302354995     
  3.430334109056740E-003  0.655899855868078     
  3.601462613043283E-003  0.630356816755602     
  3.781559428545809E-003  0.605752842890933     
  3.971118059311564E-003  0.582054914982449     
  4.170660503117885E-003  0.559251766191869     
  4.380738976495280E-003  0.537107254232516     
  4.601937748783908E-003  0.516171683868364     
  4.834875092774107E-003  0.495820232349068     
  5.080205359683956E-003  0.476300987007697     
  5.338621186766325E-003  0.457395783056607     
  5.610855846414986E-003  0.439256381496652     
  5.897685746259952E-003  0.421813375038120     
  6.199933090407025E-003  0.405029877272872     
  6.518468712690522E-003  0.388876448838875     
  6.854215093574430E-003  0.373328484546716     
  7.208149573159729E-003  0.358393016747526     
  7.581307773639378E-003  0.344008852445701     
  7.974787245490436E-003  0.330177276913124     
  8.389751352713087E-003  0.316881157646439     
  8.827433413520457E-003  0.304091303153375     
  9.289141114060555E-003  0.291787254281920     
  9.776261214016629E-003  0.279993314968007     
  1.029026456429242E-002  0.267459634419943     
  1.083271145845103E-002  0.256630054061715     
  1.140525734115013E-002  0.246212771200216     
  1.200965889850775E-002  0.236196470097996     
  1.264778055715481E-002  0.226568016619591     
  1.332160142069040E-002  0.217307335377666     
  1.403322267436553E-002  0.208410989455968     
  1.478487549109425E-002  0.199856252067028     
  1.557892947433617E-002  0.191631094153459     
  1.641790167603228E-002  0.183726153926211     
  1.730446623061436E-002  0.176132975222724     
  1.824146464917066E-002  0.168838111637387     
  1.923191682114807E-002  0.161824272207573     
  2.027903277452983E-002  0.155089535049727     
  2.138622524926375E-002  0.148619013444830     
  2.255712314285341E-002  0.142406468007797     
  2.379558589149059E-002  0.136438171472604     
  2.510571885492524E-002  0.130706150839845     
  2.649188977846986E-002  0.125204149006733     
  2.795874641115179E-002  0.119914081673345     
  2.951123536509033E-002  0.114848205364152     
  3.115462230772781E-002  0.109978833111810     
  3.289451358562027E-002  0.105305183038665     
  3.473687938614433E-002  0.100819420145838     
  3.668807855174452E-002  9.651480655049537E-002
  3.875488517028733E-002  9.238609855738496E-002
  4.094451707475626E-002  8.842119848316059E-002
  4.326466639598447E-002  8.461937016932840E-002
  4.572353232344002E-002  8.097425258824477E-002
  4.832985624132730E-002  7.747513759246295E-002
  5.109295942053523E-002  7.412059229651445E-002
  5.402278346132047E-002  7.090328441517059E-002
  5.712993369717351E-002  6.781781232222953E-002
  6.042572578716813E-002  6.485975071222236E-002
  6.392223574235940E-002  6.202419948804633E-002
  6.763235365160046E-002  5.930548757567538E-002
  7.156984139360609E-002  5.658986144724583E-002
  7.574939464539256E-002  5.420266645134303E-002
  8.018670952246591E-002  5.180959495530672E-002
  8.489855421355744E-002  4.951616285263537E-002
  8.990284600245284E-002  4.731916220789301E-002
  9.521873410176995E-002  4.521427965928822E-002
  0.100866688758629       4.300996495925986E-002
  0.106868597130269       4.109649623713962E-002
  0.113247866469097       3.926407623241043E-002
  0.120029535201659       3.750759783432461E-002
  0.127240392535006       3.582628604866273E-002
  0.134909107277115       3.421434645425309E-002
  0.143066366616005       3.267118021815425E-002
  0.151745025665167       3.119317607788711E-002
  0.160980268651552       2.977866796555766E-002
  0.170809782697076       2.842487963240769E-002
  0.181273945225933       2.712770298002862E-002
  0.192416026118683       2.588688230294243E-002
  0.204282405830686       2.469977157716055E-002
  0.216922810797736       2.356332248354747E-002
  0.230390567566651       2.247655413553938E-002
  0.244742877213801       2.143674059887161E-002
  0.260041111751280       2.044203997064978E-002
  0.276351134369623       1.949116025944798E-002
  0.293743645528877       1.858172573406758E-002
  0.312294557087740       1.771232073184462E-002
  0.332085396854904       1.688088042406640E-002
  0.353203746159122       1.608602523439690E-002
  0.375743713266821       1.532739124257901E-002
  0.399806445730024       1.460154287713276E-002
  0.425500685025192       1.390845037845316E-002
  0.452943367147656       1.324603579534184E-002
  0.482260273159119       1.261364393932721E-002
  0.513586734050167       1.200926805072791E-002
  0.547068394678988       1.143227672422100E-002
  0.582862041984912       1.088126261864730E-002
  0.621136503155001       1.035553726063237E-002
  0.662073619947680       9.853412893036380E-003
  0.705869305954233       9.374240993471552E-003
  0.752734694211912       8.917383371448330E-003
  0.802897383277132       8.480736136626631E-003
  0.856602790630182       8.064407224470041E-003
  0.914115623120811       7.667437486039998E-003
  0.975721475085095       7.288610993801608E-003
   1.04172856577615       6.897927281605022E-003
   1.11246962886461       6.556658878134555E-003
   1.18830396798942       6.231317892363884E-003
   1.26961969368717       5.921022536974808E-003
   1.35683615851209       5.625224145760583E-003
   1.45040660879287       5.343057334176386E-003
   1.55082107327280       5.074104601333570E-003
   1.65860951086435       4.817854789956270E-003
   1.77434524193710       4.573618271389735E-003
   1.89864868997143       4.341117976758158E-003
   2.03219146307387       4.119301107067173E-003
   2.17570080778975       3.908229443385524E-003
   2.32996447089571       3.707210148870653E-003
   2.49583600844210       3.515868062394158E-003
   2.67424058527961       3.333765096054167E-003
   2.86618131268916       3.160373134240319E-003
   3.07274617658265       2.995417845118036E-003
   3.29511561410995       2.838479217954928E-003
   3.53457080244816       2.689236675266831E-003
   3.79250273013038       2.547265845006953E-003
   4.07042212856312       2.412245420589686E-003
   4.36997034946496       2.283981665563871E-003
   4.69293128292357       2.162063782925327E-003
   5.04124442071498       2.046061804817692E-003
   5.41701918057002       1.935982187031250E-003
   5.82255061933292       1.831361729549417E-003
   6.26033667658022       1.732016358561384E-003
   6.73309710540825       1.637668244602869E-003
   7.24379426393527       1.548085026035377E-003
   7.79565595979687       1.463056286549041E-003
   8.39220056076322       1.382369664799370E-003
   9.03726460782563       1.305776286165996E-003
   9.73503319296930       1.233163738118220E-003
   10.4900733926824       1.159185536018893E-003
   11.3073710804100       1.094481521181155E-003
   12.1923714770382       1.033088412133920E-003
   13.1510238385459       9.748869853916153E-004
   14.1898307246929       9.196499792641961E-004
   15.3159023425949       8.673131731435677E-004
   16.5370165149183       8.177037429114460E-004
   17.8616848849316       7.706732193945772E-004
   19.2992260405995       7.261640163265600E-004
   20.8598463182367       6.839936073716061E-004
   22.5547291339809       6.440740861337556E-004
   24.3961337897018       6.062834547004415E-004
   26.3975048102755       5.705203762126775E-004
   28.5735929929181       5.366912591884399E-004
   30.9405894882494       5.046755527116175E-004
   33.5162743888486       4.744323347811754E-004
   36.3201814765269       4.458309335038031E-004
   39.3737809768493       4.188044124235317E-004
   42.7006823914600       3.932614614566984E-004
   46.3268597287321       3.691442397345479E-004
   50.2809017348542       3.463704574376610E-004
   54.5942900448665       3.248697575481635E-004
   59.3017085311356       3.045799014762256E-004
   64.4413875307395       2.854383875355962E-004
   70.0554870893923       2.673864138654319E-004
   76.1905238749485       2.503619710702488E-004
   82.8978469962180       2.343179066260676E-004
   90.2341686219910       2.191976266168016E-004
   98.2621560413302       2.049587940210541E-004
   107.051092651332       1.907044084175954E-004
   116.677616316429       1.782021634130692E-004
   127.226544629661       1.664293747405152E-004
   138.791797839148       1.553385993394001E-004
   151.477431603038       1.449059469751781E-004
   165.398793327020       1.350927998796141E-004
   180.683817647524       1.258662301139214E-004
   197.474478682072       1.171955978951780E-004
   215.928419012017       1.090504884851170E-004
   236.220778033433       1.014021165176210E-004
   258.546245356880       9.422387471008020E-005
   283.121368411170       8.748982876199401E-005
   310.187147373339       8.117556898390859E-005
   340.011955080048       7.525797460449872E-005
   372.894824758985       6.971473972449278E-005
   409.169154350119       6.452571363103058E-005
   449.206882978984       5.966839957781484E-005
   493.423202928056       5.512635516958644E-005
   542.281879379541       5.088061587104838E-005
   596.301260448956       4.691497180477864E-005
   656.061071797889       4.321250359901037E-005
   722.210103643064       3.975827333840810E-005
   795.474913542481       3.653775511792008E-005
   876.669686258742       3.353716567124993E-005
   966.707412647193       3.074366236186349E-005
   1066.61257332760       2.801674390860255E-005
   1177.53554037927       2.562285743326674E-005
   1300.76894204355       2.339750047442870E-005
   1437.76627211585       2.133130371548665E-005
   1590.16306817138       1.941427395928564E-005
   1759.80103194198       1.763801390231521E-005
   1948.75552215523       1.599395584931730E-005
   2159.36691626441       1.447400793636718E-005
   2394.27641426603       1.307073265946329E-005
   2656.46694701653       1.177683755098021E-005
   2949.30995523436       1.058492061810478E-005
   3276.61892619282       9.490600434817443E-006
   3642.71071590440       8.485743703092461E-006
   4052.47584882460       7.564907917555363E-006
   4511.45917884324       6.723767586020223E-006
   5025.95251940952       5.956059424508661E-006
   5603.10111275908       5.257269821036311E-006
   6251.02611513857       4.622795984746658E-006
   6978.96563467128       4.048270198860385E-006
   7797.43728058714       3.529552784610962E-006
   8718.42567825798       3.062723054001564E-006
   9755.59898727685       2.644064017510164E-006
   10924.5591457082       2.259552190316427E-006
   12243.1313716987       1.929304972016383E-006
   13731.6994066519       1.636598042441274E-006
   15413.5941093415       1.378517339150317E-006
   17315.5443402236       1.152274437378883E-006
   19468.2006487710       9.551733093296981E-007
   21906.7441406389       7.846347523945963E-007
   24671.5951119580       6.382116706173456E-007
   27809.2386624554       5.135388893224770E-007
   31373.1876185328       4.083765331993734E-007
   35425.1068096086       3.205800638998779E-007
   40036.1271638029       2.481180527213504E-007
   45288.3833647867       1.890679449190155E-007
   51276.8151124515       1.416244143914553E-007
   58111.2795644231       1.041013755269942E-007
   65919.0315560616       7.494120488758401E-008
   74847.6390102335       5.271947324740437E-008
   85068.4139277757       3.615160826221292E-008
   96780.4549491751       2.409754955322134E-008
   110215.416250931       1.549007838227533E-008
   125643.140161865       9.665452877430802E-009
   143378.318180951       5.798955605073986E-009
   163788.378059735       3.329940957201066E-009
   187302.834518201       1.820597143308223E-009
   214424.389513850       9.420542786120465E-010
   245742.126650009       4.581958256600935E-010
   281947.215593409       2.078452000293716E-010
   323851.629112224       8.714590053231345E-011
   372410.481051013       3.342557842936129E-011
   428748.722565755       1.158941197888385E-011
   494193.091624721       3.582812025384892E-012
   570310.403807723       9.719676245482075E-013
   658953.509095367       2.271523951255469E-013
   762316.529949378       4.476009009034416E-014
   883001.353411152       7.252446701748965E-015
   1024097.79025900       9.324640507836562E-016
   1189280.35757254       6.457153026084210E-017
   1382925.31255666       1.338346448733098E-018
   1610252.39681823       3.022809557653986E-021
   1877496.78126236      -2.136550571363807E-025
   2192117.98252396      -1.382558571543586E-031
   2563054.11566839      -2.359806791083275E-046
   3001031.83482496      -3.952040232816575E-092
   3518944.79486648        0.00000000000000     
   4132316.57194290        0.00000000000000     
