  0.300000E+02  0.100000E-31  0.100000E-31  0.100000E-31  0.100000E-31
  0.298000E+02  0.477931E-07  0.100000E-31  0.744613E+01  0.483485E-01
  0.296000E+02  0.596580E-07  0.100000E-31  0.938594E+01  0.109691E+00
  0.294000E+02  0.743623E-07  0.100000E-31  0.118150E+02  0.187416E+00
  0.292000E+02  0.925586E-07  0.100000E-31  0.148524E+02  0.285771E+00
  0.290000E+02  0.115043E-06  0.100000E-31  0.186452E+02  0.410064E+00
  0.288000E+02  0.142784E-06  0.100000E-31  0.233746E+02  0.566931E+00
  0.286000E+02  0.177230E-06  0.100000E-31  0.293082E+02  0.764948E+00
  0.284000E+02  0.219001E-06  0.100000E-31  0.365859E+02  0.101382E+01
  0.282000E+02  0.270640E-06  0.100000E-31  0.456778E+02  0.132666E+01
  0.280000E+02  0.333972E-06  0.100000E-31  0.569509E+02  0.171940E+01
  0.278000E+02  0.411508E-06  0.100000E-31  0.709050E+02  0.221176E+01
  0.276000E+02  0.506331E-06  0.100000E-31  0.881601E+02  0.282823E+01
  0.274000E+02  0.622102E-06  0.100000E-31  0.109464E+03  0.359906E+01
  0.272000E+02  0.763236E-06  0.100000E-31  0.135728E+03  0.456161E+01
  0.270000E+02  0.935024E-06  0.100000E-31  0.168062E+03  0.576198E+01
  0.268000E+02  0.114381E-05  0.100000E-31  0.207812E+03  0.725694E+01
  0.266000E+02  0.139716E-05  0.100000E-31  0.256606E+03  0.911629E+01
  0.264000E+02  0.170414E-05  0.100000E-31  0.316418E+03  0.114258E+02
  0.262000E+02  0.207550E-05  0.100000E-31  0.389630E+03  0.142905E+02
  0.260000E+02  0.252408E-05  0.100000E-31  0.479114E+03  0.178393E+02
  0.258000E+02  0.306508E-05  0.100000E-31  0.588329E+03  0.222295E+02
  0.256000E+02  0.371653E-05  0.100000E-31  0.721432E+03  0.276535E+02
  0.254000E+02  0.449977E-05  0.100000E-31  0.883414E+03  0.343456E+02
  0.252000E+02  0.543999E-05  0.100000E-31  0.108025E+04  0.425913E+02
  0.250000E+02  0.656689E-05  0.100000E-31  0.131910E+04  0.527376E+02
  0.248000E+02  0.791540E-05  0.100000E-31  0.160850E+04  0.652058E+02
  0.246000E+02  0.952658E-05  0.100000E-31  0.195863E+04  0.805067E+02
  0.244000E+02  0.114485E-04  0.100000E-31  0.238163E+04  0.992586E+02
  0.242000E+02  0.137376E-04  0.100000E-31  0.289190E+04  0.122209E+03
  0.240000E+02  0.164595E-04  0.100000E-31  0.350654E+04  0.150259E+03
  0.238000E+02  0.196909E-04  0.100000E-31  0.424580E+04  0.184498E+03
  0.236000E+02  0.235210E-04  0.100000E-31  0.513363E+04  0.226232E+03
  0.234000E+02  0.279869E-04  0.100000E-31  0.618359E+04  0.276914E+03
  0.232000E+02  0.334084E-04  0.100000E-31  0.747312E+04  0.338672E+03
  0.230000E+02  0.397247E-04  0.100000E-31  0.899730E+04  0.413644E+03
  0.228000E+02  0.471628E-04  0.100000E-31  0.108169E+05  0.504537E+03
  0.226000E+02  0.559076E-04  0.100000E-31  0.129858E+05  0.614580E+03
  0.224000E+02  0.661717E-04  0.100000E-31  0.155673E+05  0.747625E+03
  0.222000E+02  0.781990E-04  0.100000E-31  0.186351E+05  0.908263E+03
  0.220000E+02  0.922690E-04  0.100000E-31  0.222754E+05  0.110195E+04
  0.218000E+02  0.108701E-03  0.100000E-31  0.265884E+05  0.133517E+04
  0.216000E+02  0.127860E-03  0.100000E-31  0.316906E+05  0.161560E+04
  0.214000E+02  0.150160E-03  0.100000E-31  0.377172E+05  0.195234E+04
  0.212000E+02  0.176072E-03  0.100000E-31  0.448247E+05  0.235614E+04
  0.210000E+02  0.206130E-03  0.100000E-31  0.531940E+05  0.283969E+04
  0.208000E+02  0.240938E-03  0.100000E-31  0.630339E+05  0.341795E+04
  0.206000E+02  0.281177E-03  0.100000E-31  0.745848E+05  0.410851E+04
  0.204000E+02  0.327613E-03  0.100000E-31  0.881233E+05  0.493204E+04
  0.202000E+02  0.381108E-03  0.100000E-31  0.103966E+06  0.591279E+04
  0.200000E+02  0.442626E-03  0.100000E-31  0.122477E+06  0.707917E+04
  0.198000E+02  0.513247E-03  0.100000E-31  0.144071E+06  0.846438E+04
  0.196000E+02  0.594173E-03  0.100000E-31  0.169221E+06  0.101072E+05
  0.194000E+02  0.686741E-03  0.100000E-31  0.198467E+06  0.120528E+05
  0.192000E+02  0.792438E-03  0.100000E-31  0.232421E+06  0.143539E+05
  0.190000E+02  0.912904E-03  0.100000E-31  0.271779E+06  0.170715E+05
  0.188000E+02  0.104995E-02  0.100000E-31  0.317326E+06  0.202766E+05
  0.186000E+02  0.120558E-02  0.100000E-31  0.369951E+06  0.240514E+05
  0.184000E+02  0.138198E-02  0.100000E-31  0.430654E+06  0.284909E+05
  0.182000E+02  0.158155E-02  0.100000E-31  0.500561E+06  0.337047E+05
  0.180000E+02  0.180690E-02  0.100000E-31  0.580935E+06  0.398195E+05
  0.178000E+02  0.206089E-02  0.100000E-31  0.673190E+06  0.469806E+05
  0.176000E+02  0.234659E-02  0.100000E-31  0.778906E+06  0.553554E+05
  0.174000E+02  0.266657E-02  0.100000E-31  0.899582E+06  0.651329E+05
  0.172000E+02  0.302675E-02  0.100000E-31  0.103796E+07  0.765383E+05
  0.170000E+02  0.342865E-02  0.100000E-31  0.119542E+07  0.898200E+05
  0.168000E+02  0.387718E-02  0.100000E-31  0.137464E+07  0.105264E+06
  0.166000E+02  0.437674E-02  0.100000E-31  0.157827E+07  0.123198E+06
  0.164000E+02  0.493197E-02  0.100000E-31  0.180922E+07  0.143993E+06
  0.162000E+02  0.554781E-02  0.100000E-31  0.207072E+07  0.168069E+06
  0.160000E+02  0.622942E-02  0.100000E-31  0.236626E+07  0.195906E+06
  0.158000E+02  0.698222E-02  0.100000E-31  0.269968E+07  0.228043E+06
  0.156000E+02  0.781181E-02  0.100000E-31  0.307516E+07  0.265091E+06
  0.154000E+02  0.872400E-02  0.100000E-31  0.349722E+07  0.307737E+06
  0.152000E+02  0.972475E-02  0.100000E-31  0.397076E+07  0.356756E+06
  0.150000E+02  0.108201E-01  0.100000E-31  0.450106E+07  0.413016E+06
  0.148000E+02  0.120162E-01  0.100000E-31  0.509377E+07  0.477490E+06
  0.146000E+02  0.133192E-01  0.100000E-31  0.575494E+07  0.551267E+06
  0.144000E+02  0.147350E-01  0.100000E-31  0.649104E+07  0.635561E+06
  0.142000E+02  0.162697E-01  0.100000E-31  0.730889E+07  0.731724E+06
  0.140000E+02  0.179288E-01  0.100000E-31  0.821570E+07  0.841260E+06
  0.138000E+02  0.197177E-01  0.100000E-31  0.921905E+07  0.965834E+06
  0.136000E+02  0.216412E-01  0.100000E-31  0.103268E+08  0.110729E+07
  0.134000E+02  0.237037E-01  0.100000E-31  0.115473E+08  0.126766E+07
  0.132000E+02  0.259088E-01  0.100000E-31  0.128888E+08  0.144918E+07
  0.130000E+02  0.282594E-01  0.100000E-31  0.143601E+08  0.165431E+07
  0.128000E+02  0.307572E-01  0.100000E-31  0.159700E+08  0.188575E+07
  0.126000E+02  0.334031E-01  0.100000E-31  0.177274E+08  0.214643E+07
  0.124000E+02  0.361966E-01  0.100000E-31  0.196411E+08  0.243956E+07
  0.122000E+02  0.391359E-01  0.100000E-31  0.217200E+08  0.276863E+07
  0.120000E+02  0.421222E-01  0.100000E-31  0.239182E+08  0.313658E+07
  0.118000E+02  0.454378E-01  0.100000E-31  0.264071E+08  0.354917E+07
  0.116000E+02  0.487874E-01  0.100000E-31  0.290306E+08  0.400994E+07
  0.114000E+02  0.522592E-01  0.100000E-31  0.318508E+08  0.452363E+07
  0.112000E+02  0.558427E-01  0.100000E-31  0.348738E+08  0.509530E+07
  0.110000E+02  0.595253E-01  0.100000E-31  0.381053E+08  0.573035E+07
  0.108000E+02  0.632925E-01  0.100000E-31  0.415495E+08  0.643454E+07
  0.106000E+02  0.671222E-01  0.100000E-31  0.452061E+08  0.721390E+07
  0.104000E+02  0.710129E-01  0.100000E-31  0.490881E+08  0.807504E+07
  0.102000E+02  0.749274E-01  0.100000E-31  0.531848E+08  0.902471E+07
  0.100000E+02  0.788495E-01  0.100000E-31  0.574989E+08  0.100701E+08
  0.980000E+01  0.827559E-01  0.100000E-31  0.620278E+08  0.112187E+08
  0.960000E+01  0.866220E-01  0.100000E-31  0.667674E+08  0.124784E+08
  0.940000E+01  0.904225E-01  0.100000E-31  0.717118E+08  0.138573E+08
  0.920000E+01  0.941315E-01  0.100000E-31  0.768539E+08  0.153642E+08
  0.900000E+01  0.977230E-01  0.100000E-31  0.821851E+08  0.170078E+08
  0.880000E+01  0.101172E+00  0.100000E-31  0.876954E+08  0.187974E+08
  0.860000E+01  0.104452E+00  0.100000E-31  0.933738E+08  0.207426E+08
  0.840000E+01  0.107540E+00  0.100000E-31  0.992087E+08  0.228533E+08
  0.820000E+01  0.110414E+00  0.100000E-31  0.105188E+09  0.251398E+08
  0.800000E+01  0.113054E+00  0.100000E-31  0.111298E+09  0.276129E+08
  0.780000E+01  0.115440E+00  0.100000E-31  0.117528E+09  0.302839E+08
  0.760000E+01  0.117557E+00  0.100000E-31  0.123864E+09  0.331642E+08
  0.740000E+01  0.119394E+00  0.100000E-31  0.130297E+09  0.362664E+08
  0.720000E+01  0.120938E+00  0.100000E-31  0.136816E+09  0.396031E+08
  0.700000E+01  0.122185E+00  0.100000E-31  0.143414E+09  0.431883E+08
  0.680000E+01  0.123129E+00  0.100000E-31  0.150084E+09  0.470363E+08
  0.660000E+01  0.123768E+00  0.100000E-31  0.156819E+09  0.511629E+08
  0.640000E+01  0.124106E+00  0.100000E-31  0.163620E+09  0.555848E+08
  0.620000E+01  0.124144E+00  0.100000E-31  0.170486E+09  0.603202E+08
  0.600000E+01  0.123888E+00  0.100000E-31  0.177419E+09  0.653891E+08
  0.580000E+01  0.123346E+00  0.100000E-31  0.184424E+09  0.708130E+08
  0.560000E+01  0.124750E+00  0.100000E-31  0.194984E+09  0.767212E+08
  0.540000E+01  0.125657E+00  0.100000E-31  0.205582E+09  0.831452E+08
  0.520000E+01  0.125228E+00  0.100000E-31  0.214757E+09  0.900725E+08
  0.500000E+01  0.124095E+00  0.100000E-31  0.223408E+09  0.975189E+08
  0.480000E+01  0.122468E+00  0.100000E-31  0.231819E+09  0.105512E+09
  0.460000E+01  0.120384E+00  0.100000E-31  0.239998E+09  0.114083E+09
  0.440000E+01  0.117896E+00  0.100000E-31  0.247988E+09  0.123267E+09
  0.420000E+01  0.115004E+00  0.100000E-31  0.255723E+09  0.133102E+09
  0.400000E+01  0.111689E+00  0.100000E-31  0.263076E+09  0.143624E+09
  0.380000E+01  0.107992E+00  0.100000E-31  0.270038E+09  0.154875E+09
  0.360000E+01  0.103909E+00  0.100000E-31  0.276485E+09  0.166896E+09
  0.340000E+01  0.994354E-01  0.100000E-31  0.282253E+09  0.179725E+09
  0.320000E+01  0.946032E-01  0.100000E-31  0.287250E+09  0.193402E+09
  0.300000E+01  0.894233E-01  0.100000E-31  0.291290E+09  0.207966E+09
  0.280000E+01  0.839189E-01  0.100000E-31  0.294182E+09  0.223448E+09
  0.260000E+01  0.781243E-01  0.100000E-31  0.295724E+09  0.239876E+09
  0.240000E+01  0.720828E-01  0.100000E-31  0.295696E+09  0.257269E+09
  0.220000E+01  0.658476E-01  0.100000E-31  0.293861E+09  0.275634E+09
  0.200000E+01  0.594810E-01  0.100000E-31  0.289966E+09  0.294964E+09
  0.180000E+01  0.530542E-01  0.100000E-31  0.283742E+09  0.315230E+09
  0.160000E+01  0.466462E-01  0.100000E-31  0.274902E+09  0.336375E+09
  0.140000E+01  0.403426E-01  0.100000E-31  0.263152E+09  0.358303E+09
  0.120000E+01  0.342345E-01  0.100000E-31  0.248201E+09  0.380866E+09
  0.100000E+01  0.284162E-01  0.100000E-31  0.229795E+09  0.403844E+09
  0.800000E+00  0.229819E-01  0.100000E-31  0.207772E+09  0.426928E+09
  0.600000E+00  0.180223E-01  0.100000E-31  0.182170E+09  0.449698E+09
  0.400000E+00  0.136194E-01  0.100000E-31  0.153412E+09  0.471613E+09
  0.200000E+00  0.983828E-02  0.100000E-31  0.122512E+09  0.492030E+09
  0.100000E-31  0.671587E-02  0.100000E-31  0.912015E+08  0.510269E+09
