  0.300000E+02  0.100000E-07  0.100000E-31  0.100000E-31  0.100000E-31  0.259349E+02  0.259349E+02  0.100000E-31  0.100000E-31  0.100000E-31  0.100000E-31  0.100000E-31  0.633193E-01  0.759808E+00 -0.320000E+02
  0.298000E+02  0.120790E-07  0.118046E-21  0.100000E-31  0.100000E-31  0.924931E+04  0.256129E+02  0.999999E+00  0.100000E-31  0.100000E-31  0.219874E+05  0.398249E-04  0.633184E-01  0.691378E+00  0.445773E+02
  0.296000E+02  0.109082E-07  0.288723E-20  0.100000E-31  0.100000E-31  0.188713E+05  0.252928E+02  0.999998E+00  0.100000E-31  0.100000E-31  0.111849E+04  0.795735E-03  0.633174E-01  0.119267E+00  0.446736E+02
  0.294000E+02  0.100318E-07  0.596610E-20  0.100000E-31  0.100000E-31  0.171300E+05  0.249744E+02  0.999994E+00  0.100000E-31  0.100000E-31  0.672486E+03  0.134536E-02  0.633165E-01  0.205007E-01  0.447693E+02
  0.292000E+02  0.999404E-08  0.652692E-20  0.100000E-31  0.100000E-31  0.155889E+05  0.246579E+02  0.999989E+00  0.100000E-31  0.100000E-31  0.762599E+03  0.120612E-02  0.633156E-01  0.139224E-01  0.448644E+02
  0.290000E+02  0.108835E-07  0.705847E-20  0.100000E-31  0.100000E-31  0.151198E+05  0.243433E+02  0.999983E+00  0.100000E-31  0.100000E-31  0.873560E+03  0.107055E-02  0.633147E-01  0.132982E-01  0.449588E+02
  0.288000E+02  0.126694E-07  0.829214E-20  0.100000E-31  0.100000E-31  0.150497E+05  0.240306E+02  0.999976E+00  0.100000E-31  0.100000E-31  0.919822E+03  0.103385E-02  0.633138E-01  0.124155E-01  0.450526E+02
  0.286000E+02  0.153588E-07  0.104127E-19  0.100000E-31  0.100000E-31  0.150789E+05  0.237197E+02  0.999968E+00  0.100000E-31  0.100000E-31  0.906159E+03  0.106726E-02  0.633129E-01  0.113602E-01  0.451465E+02
  0.284000E+02  0.189907E-07  0.134682E-19  0.100000E-31  0.100000E-31  0.151264E+05  0.234107E+02  0.999959E+00  0.100000E-31  0.100000E-31  0.862766E+03  0.114010E-02  0.633120E-01  0.104403E-01  0.452384E+02
  0.282000E+02  0.237232E-07  0.176589E-19  0.100000E-31  0.100000E-31  0.151779E+05  0.231036E+02  0.999949E+00  0.100000E-31  0.100000E-31  0.810403E+03  0.123465E-02  0.633112E-01  0.964088E-02  0.453304E+02
  0.280000E+02  0.524980E-04  0.232469E-19  0.100000E-31  0.810713E-16  0.161808E+05  0.240712E+02  0.101865E+01  0.100000E-31  0.100000E-31  0.757052E+03  0.134456E-02  0.633101E-01  0.270019E-05  0.454217E+02
  0.278000E+02  0.645698E-04  0.379972E-18  0.100000E-31  0.107544E-14  0.162878E+05  0.235424E+02  0.101566E+01  0.100000E-31  0.100000E-31  0.568726E+02  0.182103E-01  0.633089E-01  0.406824E-03  0.455123E+02
  0.276000E+02  0.720828E-04  0.497224E-18  0.100000E-31  0.114375E-14  0.163584E+05  0.236590E+02  0.102371E+01  0.100000E-31  0.100000E-31  0.532900E+02  0.197761E-01  0.633078E-01  0.458815E-03  0.456024E+02
  0.274000E+02  0.759123E-04  0.628523E-18  0.100000E-31  0.117672E-14  0.164151E+05  0.233393E+02  0.102403E+01  0.100000E-31  0.100000E-31  0.516154E+02  0.207790E-01  0.633066E-01  0.485832E-03  0.456918E+02
  0.272000E+02  0.792538E-04  0.777682E-18  0.100000E-31  0.118674E-14  0.164682E+05  0.230713E+02  0.102519E+01  0.100000E-31  0.100000E-31  0.509988E+02  0.214051E-01  0.633054E-01  0.495332E-03  0.457806E+02
  0.270000E+02  0.824324E-04  0.957840E-18  0.100000E-31  0.119312E-14  0.165205E+05  0.228211E+02  0.102642E+01  0.100000E-31  0.100000E-31  0.505460E+02  0.219845E-01  0.633042E-01  0.502204E-03  0.458688E+02
  0.268000E+02  0.854487E-04  0.117639E-17  0.100000E-31  0.119787E-14  0.165728E+05  0.225776E+02  0.102763E+01  0.100000E-31  0.100000E-31  0.501651E+02  0.225520E-01  0.633030E-01  0.507894E-03  0.459563E+02
  0.266000E+02  0.883145E-04  0.144093E-17  0.100000E-31  0.120118E-14  0.166254E+05  0.223367E+02  0.102884E+01  0.100000E-31  0.100000E-31  0.498467E+02  0.231094E-01  0.633018E-01  0.512445E-03  0.460432E+02
  0.264000E+02  0.910704E-04  0.176050E-17  0.100000E-31  0.120322E-14  0.166784E+05  0.220976E+02  0.103006E+01  0.100000E-31  0.100000E-31  0.495816E+02  0.236592E-01  0.633006E-01  0.515957E-03  0.461295E+02
  0.262000E+02  0.937622E-04  0.214600E-17  0.100000E-31  0.120426E-14  0.167317E+05  0.218605E+02  0.103129E+01  0.100000E-31  0.100000E-31  0.493577E+02  0.242058E-01  0.632994E-01  0.518637E-03  0.462151E+02
  0.260000E+02  0.964306E-04  0.261047E-17  0.100000E-31  0.120456E-14  0.167854E+05  0.216260E+02  0.103255E+01  0.100000E-31  0.100000E-31  0.491634E+02  0.247540E-01  0.632982E-01  0.520694E-03  0.463001E+02
  0.258000E+02  0.991087E-04  0.316941E-17  0.100000E-31  0.120434E-14  0.168394E+05  0.213943E+02  0.103385E+01  0.100000E-31  0.100000E-31  0.489897E+02  0.253077E-01  0.632970E-01  0.522297E-03  0.463844E+02
  0.256000E+02  0.101823E-03  0.384118E-17  0.100000E-31  0.120376E-14  0.168939E+05  0.211658E+02  0.103520E+01  0.100000E-31  0.100000E-31  0.488301E+02  0.258703E-01  0.632958E-01  0.523573E-03  0.464681E+02
  0.254000E+02  0.104596E-03  0.464748E-17  0.100000E-31  0.120293E-14  0.169486E+05  0.209408E+02  0.103660E+01  0.100000E-31  0.100000E-31  0.486797E+02  0.264445E-01  0.632946E-01  0.524613E-03  0.465512E+02
  0.252000E+02  0.107445E-03  0.561394E-17  0.100000E-31  0.120194E-14  0.170037E+05  0.207195E+02  0.103805E+01  0.100000E-31  0.100000E-31  0.485348E+02  0.270325E-01  0.632933E-01  0.525481E-03  0.466336E+02
  0.250000E+02  0.110386E-03  0.677073E-17  0.100000E-31  0.120085E-14  0.170590E+05  0.205022E+02  0.103957E+01  0.100000E-31  0.100000E-31  0.483929E+02  0.276361E-01  0.632921E-01  0.526221E-03  0.467153E+02
  0.248000E+02  0.113437E-03  0.815339E-17  0.100000E-31  0.119972E-14  0.171147E+05  0.202891E+02  0.104115E+01  0.100000E-31  0.100000E-31  0.482520E+02  0.282570E-01  0.632909E-01  0.526862E-03  0.467964E+02
  0.246000E+02  0.116611E-03  0.980367E-17  0.100000E-31  0.119857E-14  0.171705E+05  0.200804E+02  0.104281E+01  0.100000E-31  0.100000E-31  0.481103E+02  0.288970E-01  0.632896E-01  0.527424E-03  0.468769E+02
  0.244000E+02  0.119925E-03  0.117706E-16  0.100000E-31  0.119746E-14  0.172266E+05  0.198763E+02  0.104454E+01  0.100000E-31  0.100000E-31  0.479666E+02  0.295574E-01  0.632884E-01  0.527919E-03  0.469567E+02
  0.242000E+02  0.123395E-03  0.141115E-16  0.100000E-31  0.119640E-14  0.172829E+05  0.196772E+02  0.104636E+01  0.100000E-31  0.100000E-31  0.478195E+02  0.302400E-01  0.632871E-01  0.528352E-03  0.470359E+02
  0.240000E+02  0.127041E-03  0.168938E-16  0.100000E-31  0.119543E-14  0.173393E+05  0.194833E+02  0.104827E+01  0.100000E-31  0.100000E-31  0.476678E+02  0.309465E-01  0.632858E-01  0.528725E-03  0.471144E+02
  0.238000E+02  0.130884E-03  0.201961E-16  0.100000E-31  0.119458E-14  0.173957E+05  0.192949E+02  0.105027E+01  0.100000E-31  0.100000E-31  0.475105E+02  0.316787E-01  0.632846E-01  0.529037E-03  0.471922E+02
  0.236000E+02  0.134950E-03  0.241104E-16  0.100000E-31  0.119388E-14  0.174522E+05  0.191124E+02  0.105238E+01  0.100000E-31  0.100000E-31  0.473461E+02  0.324387E-01  0.632833E-01  0.529282E-03  0.472694E+02
  0.234000E+02  0.139262E-03  0.286758E-16  0.100000E-31  0.119337E-14  0.175086E+05  0.189362E+02  0.105460E+01  0.100000E-31  0.100000E-31  0.471734E+02  0.332286E-01  0.632820E-01  0.529485E-03  0.473449E+02
  0.232000E+02  0.143863E-03  0.342223E-16  0.100000E-31  0.119307E-14  0.175649E+05  0.187668E+02  0.105694E+01  0.100000E-31  0.100000E-31  0.469913E+02  0.340508E-01  0.632807E-01  0.529536E-03  0.474218E+02
  0.230000E+02  0.148786E-03  0.406919E-16  0.100000E-31  0.119305E-14  0.176209E+05  0.186047E+02  0.105942E+01  0.100000E-31  0.100000E-31  0.467972E+02  0.349088E-01  0.632794E-01  0.529537E-03  0.474970E+02
  0.228000E+02  0.154079E-03  0.483235E-16  0.100000E-31  0.119336E-14  0.176765E+05  0.184506E+02  0.106204E+01  0.100001E-31  0.100000E-31  0.465898E+02  0.358053E-01  0.632781E-01  0.529432E-03  0.475716E+02
  0.226000E+02  0.159796E-03  0.573160E-16  0.100000E-31  0.119404E-14  0.177317E+05  0.183053E+02  0.106483E+01  0.100008E-31  0.100000E-31  0.463672E+02  0.367442E-01  0.632767E-01  0.529207E-03  0.476454E+02
  0.224000E+02  0.166000E-03  0.679019E-16  0.100000E-31  0.119515E-14  0.177863E+05  0.181695E+02  0.106779E+01  0.100064E-31  0.100000E-31  0.461272E+02  0.377296E-01  0.632754E-01  0.528844E-03  0.477186E+02
  0.222000E+02  0.172768E-03  0.803526E-16  0.100000E-31  0.119677E-14  0.178402E+05  0.180445E+02  0.107095E+01  0.100442E-31  0.100000E-31  0.458672E+02  0.387664E-01  0.632740E-01  0.528327E-03  0.477912E+02
  0.220000E+02  0.180189E-03  0.949851E-16  0.100000E-31  0.119898E-14  0.178932E+05  0.179312E+02  0.107432E+01  0.102723E-31  0.100000E-31  0.455848E+02  0.398599E-01  0.632726E-01  0.527637E-03  0.478630E+02
  0.218000E+02  0.188368E-03  0.112170E-15  0.100000E-31  0.120186E-14  0.179451E+05  0.178313E+02  0.107794E+01  0.114932E-31  0.100000E-31  0.452772E+02  0.410165E-01  0.632712E-01  0.526752E-03  0.479342E+02
  0.216000E+02  0.197432E-03  0.132341E-15  0.100000E-31  0.120552E-14  0.179959E+05  0.177464E+02  0.108183E+01  0.173308E-31  0.100000E-31  0.449415E+02  0.422431E-01  0.632698E-01  0.525652E-03  0.480047E+02
  0.214000E+02  0.207528E-03  0.156006E-15  0.100000E-31  0.121004E-14  0.180454E+05  0.176784E+02  0.108601E+01  0.423826E-31  0.100000E-31  0.445746E+02  0.435477E-01  0.632683E-01  0.524314E-03  0.480745E+02
  0.212000E+02  0.218830E-03  0.183761E-15  0.100000E-31  0.121556E-14  0.180935E+05  0.176297E+02  0.109053E+01  0.139308E-30  0.100000E-31  0.441736E+02  0.449393E-01  0.632668E-01  0.522716E-03  0.481437E+02
  0.210000E+02  0.231545E-03  0.216306E-15  0.100000E-31  0.122219E-14  0.181399E+05  0.176030E+02  0.109542E+01  0.478783E-30  0.100000E-31  0.437354E+02  0.464279E-01  0.632653E-01  0.520834E-03  0.482121E+02
  0.208000E+02  0.245916E-03  0.254461E-15  0.100000E-31  0.123007E-14  0.181846E+05  0.176015E+02  0.110072E+01  0.155909E-29  0.100000E-31  0.432573E+02  0.480249E-01  0.632637E-01  0.518645E-03  0.482799E+02
  0.206000E+02  0.262231E-03  0.299192E-15  0.100000E-31  0.123932E-14  0.182276E+05  0.176291E+02  0.110649E+01  0.469280E-29  0.100000E-31  0.427367E+02  0.497428E-01  0.632621E-01  0.516128E-03  0.483469E+02
  0.204000E+02  0.280825E-03  0.351635E-15  0.100000E-31  0.125010E-14  0.182687E+05  0.176901E+02  0.111276E+01  0.130012E-28  0.100000E-31  0.421716E+02  0.515952E-01  0.632605E-01  0.513263E-03  0.484133E+02
  0.202000E+02  0.302096E-03  0.413122E-15  0.100000E-31  0.126254E-14  0.183081E+05  0.177898E+02  0.111959E+01  0.331780E-28  0.100000E-31  0.415603E+02  0.535974E-01  0.632587E-01  0.510030E-03  0.484790E+02
  0.200000E+02  0.326510E-03  0.485224E-15  0.100000E-31  0.127678E-14  0.183456E+05  0.179342E+02  0.112703E+01  0.781265E-28  0.100000E-31  0.409020E+02  0.557657E-01  0.632569E-01  0.506412E-03  0.485440E+02
  0.198000E+02  0.354611E-03  0.569779E-15  0.100000E-31  0.129298E-14  0.183815E+05  0.181306E+02  0.113514E+01  0.170056E-27  0.100000E-31  0.401967E+02  0.581179E-01  0.632550E-01  0.502396E-03  0.486083E+02
  0.196000E+02  0.387036E-03  0.668944E-15  0.100000E-31  0.131126E-14  0.184159E+05  0.183874E+02  0.114397E+01  0.342677E-27  0.100000E-31  0.394451E+02  0.606731E-01  0.632531E-01  0.497969E-03  0.486719E+02
  0.194000E+02  0.424530E-03  0.785242E-15  0.100000E-31  0.133175E-14  0.184490E+05  0.187142E+02  0.115355E+01  0.640040E-27  0.100000E-31  0.386490E+02  0.634513E-01  0.632510E-01  0.493124E-03  0.487348E+02
  0.192000E+02  0.467958E-03  0.921618E-15  0.100000E-31  0.135456E-14  0.184811E+05  0.191225E+02  0.116393E+01  0.110917E-26  0.100000E-31  0.378113E+02  0.664741E-01  0.632488E-01  0.487856E-03  0.487969E+02
  0.190000E+02  0.518327E-03  0.108149E-14  0.100000E-31  0.137979E-14  0.185124E+05  0.196255E+02  0.117513E+01  0.178511E-26  0.100000E-31  0.369356E+02  0.697638E-01  0.632464E-01  0.482163E-03  0.488584E+02
  0.188000E+02  0.576803E-03  0.126884E-14  0.100000E-31  0.140751E-14  0.185433E+05  0.202387E+02  0.118716E+01  0.267085E-26  0.100000E-31  0.360264E+02  0.733438E-01  0.632439E-01  0.476050E-03  0.489191E+02
  0.186000E+02  0.644735E-03  0.148826E-14  0.100000E-31  0.143779E-14  0.185742E+05  0.209800E+02  0.120002E+01  0.371975E-26  0.100000E-31  0.350890E+02  0.772386E-01  0.632411E-01  0.469526E-03  0.489792E+02
  0.184000E+02  0.723685E-03  0.174503E-14  0.100000E-31  0.147066E-14  0.186053E+05  0.218701E+02  0.121367E+01  0.483106E-26  0.100000E-31  0.341290E+02  0.814733E-01  0.632381E-01  0.462603E-03  0.490385E+02
  0.182000E+02  0.815449E-03  0.204522E-14  0.100000E-31  0.150615E-14  0.186370E+05  0.229330E+02  0.122805E+01  0.586575E-26  0.100000E-31  0.331523E+02  0.860742E-01  0.632349E-01  0.455303E-03  0.490970E+02
  0.180000E+02  0.922096E-03  0.239576E-14  0.100000E-31  0.154426E-14  0.186696E+05  0.241963E+02  0.124310E+01  0.668098E-26  0.100000E-31  0.321652E+02  0.910683E-01  0.632313E-01  0.447650E-03  0.491549E+02
  0.178000E+02  0.104600E-02  0.280454E-14  0.100000E-31  0.158497E-14  0.187033E+05  0.256920E+02  0.125870E+01  0.717031E-26  0.100000E-31  0.311734E+02  0.964839E-01  0.632274E-01  0.439676E-03  0.492120E+02
  0.176000E+02  0.118990E-02  0.328053E-14  0.100000E-31  0.162824E-14  0.187385E+05  0.274570E+02  0.127474E+01  0.729238E-26  0.100000E-31  0.301829E+02  0.102350E+00  0.632231E-01  0.431416E-03  0.492684E+02
  0.174000E+02  0.135680E-02  0.383271E-14  0.100000E-31  0.167404E-14  0.187754E+05  0.295320E+02  0.129104E+01  0.708169E-26  0.100000E-31  0.291987E+02  0.108697E+00  0.632183E-01  0.422997E-03  0.493239E+02
  0.172000E+02  0.155053E-02  0.447566E-14  0.100000E-31  0.172224E-14  0.188139E+05  0.319692E+02  0.130748E+01  0.660772E-26  0.100000E-31  0.282266E+02  0.115555E+00  0.632129E-01  0.414183E-03  0.493789E+02
  0.170000E+02  0.177503E-02  0.521909E-14  0.100000E-31  0.177290E-14  0.188543E+05  0.348222E+02  0.132387E+01  0.598450E-26  0.100000E-31  0.272687E+02  0.122963E+00  0.632068E-01  0.405334E-03  0.494331E+02
  0.168000E+02  0.203495E-02  0.607815E-14  0.100000E-31  0.182586E-14  0.188966E+05  0.381550E+02  0.134004E+01  0.531285E-26  0.100000E-31  0.263301E+02  0.130953E+00  0.632000E-01  0.396374E-03  0.494865E+02
  0.166000E+02  0.233560E-02  0.706864E-14  0.100000E-31  0.188104E-14  0.189409E+05  0.420406E+02  0.135582E+01  0.467132E-26  0.100000E-31  0.254135E+02  0.139562E+00  0.631924E-01  0.387353E-03  0.495391E+02
  0.164000E+02  0.268300E-02  0.820803E-14  0.100000E-31  0.193835E-14  0.189870E+05  0.465625E+02  0.137105E+01  0.411070E-26  0.100000E-31  0.245214E+02  0.148830E+00  0.631838E-01  0.378319E-03  0.495910E+02
  0.162000E+02  0.308400E-02  0.951557E-14  0.100000E-31  0.199768E-14  0.190351E+05  0.518157E+02  0.138560E+01  0.365741E-26  0.100000E-31  0.236557E+02  0.158799E+00  0.631740E-01  0.369313E-03  0.496421E+02
  0.160000E+02  0.354636E-02  0.110123E-13  0.100000E-31  0.205894E-14  0.190849E+05  0.579082E+02  0.139934E+01  0.332146E-26  0.100000E-31  0.228179E+02  0.169514E+00  0.631629E-01  0.360379E-03  0.496924E+02
  0.158000E+02  0.407884E-02  0.127212E-13  0.100000E-31  0.212201E-14  0.191364E+05  0.649629E+02  0.141220E+01  0.310459E-26  0.100000E-31  0.220088E+02  0.181021E+00  0.631504E-01  0.351554E-03  0.497420E+02
  0.156000E+02  0.469132E-02  0.146672E-13  0.100000E-31  0.218679E-14  0.191896E+05  0.731187E+02  0.142411E+01  0.300745E-26  0.100000E-31  0.212291E+02  0.193371E+00  0.631361E-01  0.342872E-03  0.497907E+02
  0.154000E+02  0.539497E-02  0.168770E-13  0.100000E-31  0.225316E-14  0.192443E+05  0.825331E+02  0.143503E+01  0.303517E-26  0.100000E-31  0.204790E+02  0.206618E+00  0.631199E-01  0.334362E-03  0.498387E+02
  0.152000E+02  0.620230E-02  0.193793E-13  0.100000E-31  0.232099E-14  0.193004E+05  0.933835E+02  0.144495E+01  0.320238E-26  0.100000E-31  0.197587E+02  0.220819E+00  0.631015E-01  0.326050E-03  0.498858E+02
  0.150000E+02  0.712737E-02  0.222047E-13  0.100000E-31  0.239015E-14  0.193578E+05  0.105870E+03  0.145389E+01  0.353867E-26  0.100000E-31  0.190679E+02  0.236033E+00  0.630806E-01  0.317956E-03  0.499322E+02
  0.148000E+02  0.818592E-02  0.253853E-13  0.100000E-31  0.246052E-14  0.194163E+05  0.120217E+03  0.146189E+01  0.409624E-26  0.100000E-31  0.184062E+02  0.252327E+00  0.630568E-01  0.310100E-03  0.499777E+02
  0.146000E+02  0.939553E-02  0.289548E-13  0.100000E-31  0.253195E-14  0.194758E+05  0.136677E+03  0.146898E+01  0.496186E-26  0.100000E-31  0.177731E+02  0.269767E+00  0.630297E-01  0.302495E-03  0.500224E+02
  0.144000E+02  0.107758E-01  0.329480E-13  0.100000E-31  0.260430E-14  0.195363E+05  0.155531E+03  0.147523E+01  0.627648E-26  0.100000E-31  0.171680E+02  0.288427E+00  0.629990E-01  0.295152E-03  0.500663E+02
  0.142000E+02  0.123484E-01  0.374008E-13  0.100000E-31  0.267741E-14  0.195976E+05  0.177095E+03  0.148071E+01  0.826797E-26  0.100000E-31  0.165902E+02  0.308384E+00  0.629641E-01  0.288079E-03  0.501093E+02
  0.140000E+02  0.141376E-01  0.423496E-13  0.100000E-31  0.275113E-14  0.196595E+05  0.201719E+03  0.148548E+01  0.113061E-25  0.100000E-31  0.160388E+02  0.329719E+00  0.629245E-01  0.281283E-03  0.501515E+02
  0.138000E+02  0.161701E-01  0.478306E-13  0.100000E-31  0.282529E-14  0.197220E+05  0.229791E+03  0.148961E+01  0.159965E-25  0.100000E-31  0.155130E+02  0.352521E+00  0.628797E-01  0.274768E-03  0.501928E+02
  0.136000E+02  0.184754E-01  0.538796E-13  0.100000E-31  0.289972E-14  0.197849E+05  0.261742E+03  0.149318E+01  0.233406E-25  0.100000E-31  0.150121E+02  0.376881E+00  0.628288E-01  0.268536E-03  0.502332E+02
  0.134000E+02  0.210859E-01  0.605312E-13  0.100000E-31  0.297424E-14  0.198481E+05  0.298048E+03  0.149624E+01  0.350154E-25  0.100000E-31  0.145351E+02  0.402898E+00  0.627713E-01  0.262587E-03  0.502728E+02
  0.132000E+02  0.240373E-01  0.678177E-13  0.100000E-31  0.304866E-14  0.199115E+05  0.339233E+03  0.149885E+01  0.538622E-25  0.100000E-31  0.140812E+02  0.430676E+00  0.627062E-01  0.256921E-03  0.503114E+02
  0.130000E+02  0.273685E-01  0.757689E-13  0.100000E-31  0.312278E-14  0.199750E+05  0.385872E+03  0.150108E+01  0.847565E-25  0.100000E-31  0.136495E+02  0.460326E+00  0.626328E-01  0.251537E-03  0.503491E+02
  0.128000E+02  0.311222E-01  0.844105E-13  0.100000E-31  0.319641E-14  0.200385E+05  0.438595E+03  0.150297E+01  0.136173E-24  0.100000E-31  0.132392E+02  0.491964E+00  0.625499E-01  0.246432E-03  0.503859E+02
  0.126000E+02  0.353446E-01  0.937635E-13  0.100000E-31  0.326934E-14  0.201018E+05  0.498090E+03  0.150457E+01  0.223039E-24  0.100000E-31  0.128494E+02  0.525716E+00  0.624566E-01  0.241604E-03  0.504218E+02
  0.124000E+02  0.400860E-01  0.103843E-12  0.100000E-31  0.334135E-14  0.201648E+05  0.565103E+03  0.150592E+01  0.372019E-24  0.100000E-31  0.124794E+02  0.561714E+00  0.623516E-01  0.237050E-03  0.504566E+02
  0.122000E+02  0.454007E-01  0.114656E-12  0.100000E-31  0.341221E-14  0.202274E+05  0.640446E+03  0.150704E+01  0.631423E-24  0.100000E-31  0.121284E+02  0.600097E+00  0.622337E-01  0.232766E-03  0.504905E+02
  0.120000E+02  0.513083E-01  0.125918E-12  0.100000E-31  0.348169E-14  0.202896E+05  0.724452E+03  0.150798E+01  0.109620E-23  0.100000E-31  0.117956E+02  0.641014E+00  0.621015E-01  0.229253E-03  0.505225E+02
  0.118000E+02  0.579609E-01  0.138443E-12  0.100000E-31  0.354866E-14  0.203510E+05  0.819297E+03  0.150876E+01  0.192084E-23  0.100000E-31  0.114833E+02  0.684452E+00  0.619535E-01  0.224879E-03  0.505554E+02
  0.116000E+02  0.653714E-01  0.151427E-12  0.100000E-31  0.361500E-14  0.204117E+05  0.925240E+03  0.150940E+01  0.342671E-23  0.100001E-31  0.111838E+02  0.730977E+00  0.617879E-01  0.221431E-03  0.505863E+02
  0.114000E+02  0.736143E-01  0.165079E-12  0.100000E-31  0.367910E-14  0.204714E+05  0.104339E+04  0.150993E+01  0.622297E-23  0.100003E-31  0.109010E+02  0.780521E+00  0.616029E-01  0.218222E-03  0.506161E+02
  0.112000E+02  0.827663E-01  0.179357E-12  0.100000E-31  0.374080E-14  0.205301E+05  0.117490E+04  0.151036E+01  0.115086E-22  0.100010E-31  0.106340E+02  0.833282E+00  0.613968E-01  0.215258E-03  0.506449E+02
  0.110000E+02  0.929086E-01  0.194202E-12  0.100000E-31  0.379984E-14  0.205876E+05  0.132099E+04  0.151070E+01  0.216872E-22  0.100016E-31  0.103821E+02  0.889466E+00  0.611673E-01  0.212541E-03  0.506727E+02
  0.108000E+02  0.104127E+00  0.209544E-12  0.100000E-31  0.385600E-14  0.206436E+05  0.148294E+04  0.151097E+01  0.416738E-22  0.100064E-31  0.101449E+02  0.949289E+00  0.609124E-01  0.210069E-03  0.506993E+02
  0.106000E+02  0.116508E+00  0.225279E-12  0.100000E-31  0.390902E-14  0.206982E+05  0.166205E+04  0.151118E+01  0.817457E-22  0.100265E-31  0.992168E+01  0.101298E+01  0.606297E-01  0.207861E-03  0.507248E+02
  0.104000E+02  0.130154E+00  0.241362E-12  0.100000E-31  0.395862E-14  0.207509E+05  0.185982E+04  0.151135E+01  0.163776E-21  0.101165E-31  0.971207E+01  0.108078E+01  0.603167E-01  0.205859E-03  0.507493E+02
  0.102000E+02  0.145158E+00  0.257626E-12  0.100000E-31  0.400462E-14  0.208018E+05  0.207765E+04  0.151146E+01  0.335605E-21  0.105441E-31  0.951540E+01  0.115296E+01  0.599708E-01  0.204124E-03  0.507726E+02
  0.100000E+02  0.161623E+00  0.273963E-12  0.100000E-31  0.404674E-14  0.208506E+05  0.231706E+04  0.151155E+01  0.704258E-21  0.127159E-31  0.933139E+01  0.122980E+01  0.595892E-01  0.202632E-03  0.507948E+02
  0.980000E+01  0.179655E+00  0.290234E-12  0.100000E-31  0.408472E-14  0.208970E+05  0.257958E+04  0.151160E+01  0.151552E-20  0.148345E-31  0.915964E+01  0.131159E+01  0.591689E-01  0.201384E-03  0.508158E+02
  0.960000E+01  0.199365E+00  0.306293E-12  0.100000E-31  0.411834E-14  0.209408E+05  0.286682E+04  0.151164E+01  0.334962E-20  0.365193E-31  0.899979E+01  0.139866E+01  0.587070E-01  0.200381E-03  0.508356E+02
  0.940000E+01  0.220866E+00  0.321984E-12  0.100000E-31  0.414735E-14  0.209819E+05  0.318040E+04  0.151165E+01  0.761724E-20  0.168322E-30  0.885149E+01  0.149135E+01  0.582002E-01  0.199622E-03  0.508542E+02
  0.920000E+01  0.244275E+00  0.337147E-12  0.100000E-31  0.417155E-14  0.210199E+05  0.352197E+04  0.151165E+01  0.178585E-19  0.105200E-29  0.871447E+01  0.159003E+01  0.576452E-01  0.199110E-03  0.508717E+02
  0.900000E+01  0.269715E+00  0.351619E-12  0.100000E-31  0.419072E-14  0.210546E+05  0.389321E+04  0.151164E+01  0.432673E-19  0.770461E-29  0.858843E+01  0.169510E+01  0.570385E-01  0.198845E-03  0.508880E+02
  0.880000E+01  0.297311E+00  0.365240E-12  0.100000E-31  0.420468E-14  0.210857E+05  0.429583E+04  0.151162E+01  0.108628E-18  0.653852E-28  0.847313E+01  0.180702E+01  0.563766E-01  0.198829E-03  0.509030E+02
  0.860000E+01  0.327194E+00  0.377852E-12  0.100000E-31  0.421325E-14  0.211129E+05  0.473153E+04  0.151160E+01  0.283554E-18  0.663859E-27  0.836835E+01  0.192625E+01  0.556558E-01  0.199065E-03  0.509169E+02
  0.840000E+01  0.359499E+00  0.389304E-12  0.100000E-31  0.421629E-14  0.211358E+05  0.520205E+04  0.151157E+01  0.772671E-18  0.141714E-26  0.827390E+01  0.205331E+01  0.548723E-01  0.199555E-03  0.509295E+02
  0.820000E+01  0.394369E+00  0.399457E-12  0.100000E-31  0.421364E-14  0.211542E+05  0.570915E+04  0.151155E+01  0.220906E-17  0.189917E-25  0.818962E+01  0.218878E+01  0.540220E-01  0.200303E-03  0.509410E+02
  0.800000E+01  0.431952E+00  0.408186E-12  0.100000E-31  0.420520E-14  0.211675E+05  0.625459E+04  0.151153E+01  0.666892E-17  0.364103E-24  0.811535E+01  0.233328E+01  0.531011E-01  0.201313E-03  0.509512E+02
  0.780000E+01  0.472408E+00  0.415383E-12  0.100000E-31  0.419089E-14  0.211755E+05  0.684017E+04  0.151151E+01  0.214378E-16  0.127549E-22  0.805100E+01  0.248751E+01  0.521054E-01  0.202590E-03  0.509603E+02
  0.760000E+01  0.515905E+00  0.420957E-12  0.100000E-31  0.417062E-14  0.211777E+05  0.746776E+04  0.151150E+01  0.742136E-16  0.169872E-20  0.799647E+01  0.265224E+01  0.510306E-01  0.204139E-03  0.509682E+02
  0.740000E+01  0.562627E+00  0.424841E-12  0.100000E-31  0.414436E-14  0.211737E+05  0.813924E+04  0.151150E+01  0.281066E-15  0.190409E-12  0.795172E+01  0.282832E+01  0.498724E-01  0.205966E-03  0.509749E+02
  0.720000E+01  0.612772E+00  0.426987E-12  0.100000E-31  0.411210E-14  0.211629E+05  0.885660E+04  0.151151E+01  0.119161E-14  0.572735E-12  0.791671E+01  0.301668E+01  0.486264E-01  0.208078E-03  0.509805E+02
  0.700000E+01  0.666559E+00  0.427373E-12  0.100000E-31  0.407383E-14  0.211448E+05  0.962189E+04  0.151154E+01  0.585951E-14  0.177629E-10  0.789147E+01  0.321841E+01  0.472879E-01  0.210485E-03  0.509850E+02
  0.680000E+01  0.724230E+00  0.426000E-12  0.100000E-31  0.402959E-14  0.211189E+05  0.104373E+05  0.151158E+01  0.354452E-13  0.810505E-10  0.787603E+01  0.343467E+01  0.458523E-01  0.213194E-03  0.509883E+02
  0.660000E+01  0.786053E+00  0.422881E-12  0.100000E-31  0.397943E-14  0.210846E+05  0.113052E+05  0.151163E+01  0.294073E-12  0.646133E-09  0.787049E+01  0.366681E+01  0.443147E-01  0.216221E-03  0.509906E+02
  0.640000E+01  0.852331E+00  0.418066E-12  0.100000E-31  0.392343E-14  0.210413E+05  0.122280E+05  0.151170E+01  0.424617E-11  0.641866E-08  0.787498E+01  0.391632E+01  0.426699E-01  0.219575E-03  0.509918E+02
  0.620000E+01  0.923404E+00  0.411612E-12  0.100000E-31  0.386168E-14  0.209883E+05  0.132085E+05  0.151180E+01  0.220069E-09  0.159099E-06  0.788969E+01  0.418491E+01  0.409128E-01  0.223275E-03  0.509919E+02
  0.600000E+01  0.999657E+00  0.403597E-12  0.100000E-31  0.379429E-14  0.209248E+05  0.142495E+05  0.151191E+01  0.895219E-02  0.300064E-01  0.791486E+01  0.447450E+01  0.390379E-01  0.227339E-03  0.509910E+02
  0.580000E+01  0.100000E+01  0.394111E-12  0.100000E-31  0.372141E-14  0.208501E+05  0.142010E+05  0.151202E+01  0.822680E-01  0.108267E+00  0.795079E+01  0.478727E+01  0.371900E-01  0.231790E-03  0.509891E+02
  0.560000E+01  0.100000E+01  0.380154E-12  0.100000E-31  0.354922E-14  0.207635E+05  0.146494E+05  0.151215E+01  0.947347E-01  0.132025E+00  0.820956E+01  0.499354E+01  0.353701E-01  0.220678E-03  0.509940E+02
  0.540000E+01  0.100000E+01  0.502873E-12  0.100000E-31  0.466106E-14  0.213767E+05  0.153407E+05  0.151230E+01  0.149361E+00  0.184202E+00  0.615289E+01  0.719205E+01  0.335788E-01  0.211898E-03  0.509971E+02
  0.520000E+01  0.100000E+01  0.566310E-12  0.100000E-31  0.526704E-14  0.222689E+05  0.161769E+05  0.151249E+01  0.191934E+00  0.229982E+00  0.535638E+01  0.893921E+01  0.318165E-01  0.199495E-03  0.509957E+02
  0.500000E+01  0.100000E+01  0.609070E-12  0.100000E-31  0.130956E-13  0.232882E+05  0.171627E+05  0.151237E+01  0.234348E+00  0.274427E+00  0.485207E+01  0.107048E+02  0.300833E-01  0.184584E-03  0.509917E+02
  0.480000E+01  0.100000E+01  0.651908E-12  0.100000E-31  0.142029E-13  0.244121E+05  0.181855E+05  0.151241E+01  0.277659E+00  0.321478E+00  0.439554E+01  0.128529E+02  0.283800E-01  0.172738E-03  0.509860E+02
  0.460000E+01  0.100000E+01  0.684416E-12  0.100000E-31  0.151693E-13  0.255759E+05  0.192332E+05  0.151255E+01  0.320220E+00  0.339153E+00  0.404070E+01  0.152514E+02  0.267074E-01  0.161735E-03  0.509785E+02
  0.440000E+01  0.100000E+01  0.712902E-12  0.100000E-31  0.280378E-13  0.267751E+05  0.203887E+05  0.151219E+01  0.367281E+00  0.387147E+00  0.372720E+01  0.180913E+02  0.250652E-01  0.149426E-03  0.509695E+02
  0.420000E+01  0.100000E+01  0.747862E-12  0.100000E-31  0.301524E-13  0.280456E+05  0.215292E+05  0.151208E+01  0.414181E+00  0.432224E+00  0.339741E+01  0.217881E+02  0.234546E-01  0.140694E-03  0.509587E+02
  0.400000E+01  0.100000E+01  0.764560E-12  0.100000E-31  0.317405E-13  0.292961E+05  0.226383E+05  0.151211E+01  0.456839E+00  0.474663E+00  0.316084E+01  0.257995E+02  0.218766E-01  0.132772E-03  0.509460E+02
  0.380000E+01  0.100000E+01  0.774271E-12  0.100000E-31  0.438242E-13  0.305301E+05  0.237750E+05  0.151164E+01  0.501415E+00  0.516708E+00  0.295263E+01  0.305420E+02  0.203312E-01  0.124317E-03  0.509314E+02
  0.360000E+01  0.100000E+01  0.786034E-12  0.100000E-31  0.462381E-13  0.317843E+05  0.248537E+05  0.151141E+01  0.544029E+00  0.556569E+00  0.273489E+01  0.366129E+02  0.188198E-01  0.118486E-03  0.509146E+02
  0.340000E+01  0.100000E+01  0.776591E-12  0.100000E-31  0.477380E-13  0.329665E+05  0.258494E+05  0.151127E+01  0.581415E+00  0.569345E+00  0.258550E+01  0.431930E+02  0.173437E-01  0.113427E-03  0.508955E+02
  0.320000E+01  0.100000E+01  0.757960E-12  0.100000E-31  0.489726E-13  0.340760E+05  0.267611E+05  0.151114E+01  0.616608E+00  0.604769E+00  0.245644E+01  0.509463E+02  0.159041E-01  0.109362E-03  0.508739E+02
  0.300000E+01  0.100000E+01  0.730072E-12  0.100000E-31  0.499032E-13  0.351098E+05  0.275796E+05  0.151098E+01  0.649560E+00  0.637750E+00  0.234570E+01  0.600974E+02  0.145022E-01  0.106233E-03  0.508494E+02
  0.280000E+01  0.100000E+01  0.692429E-12  0.100000E-31  0.504346E-13  0.360583E+05  0.282880E+05  0.151073E+01  0.680114E+00  0.668241E+00  0.225425E+01  0.708411E+02  0.131395E-01  0.104012E-03  0.508218E+02
  0.260000E+01  0.100000E+01  0.645181E-12  0.100000E-31  0.504787E-13  0.369067E+05  0.288634E+05  0.151038E+01  0.708232E+00  0.696311E+00  0.218275E+01  0.833890E+02  0.118177E-01  0.102716E-03  0.507908E+02
  0.240000E+01  0.100000E+01  0.589146E-12  0.100000E-31  0.499579E-13  0.376372E+05  0.292785E+05  0.150986E+01  0.733973E+00  0.722130E+00  0.213193E+01  0.979658E+02  0.105386E-01  0.102408E-03  0.507558E+02
  0.220000E+01  0.100000E+01  0.525775E-12  0.100000E-31  0.488060E-13  0.382292E+05  0.295011E+05  0.150915E+01  0.757466E+00  0.745972E+00  0.210298E+01  0.114797E+03  0.930454E-02  0.103196E-03  0.507165E+02
  0.200000E+01  0.100000E+01  0.457103E-12  0.100000E-31  0.469730E-13  0.386591E+05  0.294937E+05  0.150819E+01  0.778904E+00  0.752494E+00  0.209783E+01  0.134089E+03  0.811795E-02  0.105252E-03  0.506723E+02
  0.180000E+01  0.100000E+01  0.385647E-12  0.100000E-31  0.444307E-13  0.389003E+05  0.292131E+05  0.150690E+01  0.798536E+00  0.774071E+00  0.211955E+01  0.155997E+03  0.698197E-02  0.108832E-03  0.506227E+02
  0.160000E+01  0.100000E+01  0.314256E-12  0.100000E-31  0.411795E-13  0.389220E+05  0.286092E+05  0.150519E+01  0.816683E+00  0.794675E+00  0.217288E+01  0.180579E+03  0.590033E-02  0.114325E-03  0.505668E+02
  0.140000E+01  0.100000E+01  0.245897E-12  0.100000E-31  0.372566E-13  0.386879E+05  0.276245E+05  0.150297E+01  0.833752E+00  0.815042E+00  0.226500E+01  0.207720E+03  0.487756E-02  0.122321E-03  0.505037E+02
  0.120000E+01  0.100000E+01  0.183397E-12  0.100000E-31  0.327448E-13  0.381543E+05  0.261943E+05  0.150009E+01  0.850279E+00  0.836125E+00  0.240686E+01  0.237018E+03  0.391924E-02  0.133737E-03  0.504324E+02
  0.100000E+01  0.100000E+01  0.129149E-12  0.100000E-31  0.277803E-13  0.372680E+05  0.242487E+05  0.149639E+01  0.866956E+00  0.859095E+00  0.261520E+01  0.267642E+03  0.303216E-02  0.150035E-03  0.503515E+02
  0.800000E+00  0.100000E+01  0.848201E-13  0.100000E-31  0.225593E-13  0.359641E+05  0.217176E+05  0.149160E+01  0.884646E+00  0.863661E+00  0.291626E+01  0.298136E+03  0.222451E-02  0.173647E-03  0.502594E+02
  0.600000E+00  0.100000E+01  0.511172E-13  0.100000E-31  0.173368E-13  0.341642E+05  0.185290E+05  0.148526E+01  0.904330E+00  0.890784E+00  0.335230E+01  0.326225E+03  0.150568E-02  0.208769E-03  0.501538E+02
  0.400000E+00  0.100000E+01  0.276606E-13  0.100000E-31  0.124141E-13  0.317772E+05  0.145920E+05  0.147622E+01  0.926977E+00  0.916117E+00  0.399436E+01  0.348691E+03  0.885305E-03  0.262980E-03  0.500321E+02
  0.200000E+00  0.100000E+01  0.130419E-13  0.100000E-31  0.810276E-14  0.287009E+05  0.114972E+05  0.147895E+01  0.945814E+00  0.939102E+00  0.497043E+01  0.361407E+03  0.381936E-03  0.350511E-03  0.498909E+02
  0.100000E-31  0.100000E+01  0.513706E-14  0.100000E-31  0.467547E-14  0.248479E+05  0.905578E+04  0.148030E+01  0.962706E+00  0.982432E+00  0.652350E+01  0.360357E+03  0.100000E-31  0.497568E-03  0.497251E+02
